425152, 0.00
425157, 0.00
425162, 0.00
425167, 0.00
425172, 0.05
425177, 0.16
425182, 0.26
425187, 0.42
425192, 0.62
425197, 0.82
425202, 1.01
425207, 1.19
425212, 1.43
425217, 1.65
425222, 1.87
425227, 2.08
425232, 2.29
425237, 2.54
425242, 2.79
425247, 3.02
425252, 3.25
425257, 3.48
425262, 3.69
425267, 3.90
425272, 4.11
425277, 4.30
425282, 4.49
425287, 4.68
425292, 4.86
425297, 5.09
425302, 5.31
425307, 5.47
425312, 5.62
425317, 5.77
425322, 5.97
425327, 6.16
425332, 6.30
425337, 6.48
425342, 6.66
425347, 6.78
425352, 6.89
425357, 7.05
425362, 7.21
425367, 7.32
425372, 7.47
425377, 7.61
425382, 7.70
425387, 7.79
425392, 7.87
425397, 8.01
425402, 8.14
425407, 8.26
425412, 8.38
425417, 8.45
425422, 8.51
425427, 8.63
425432, 8.74
425437, 8.79
425442, 8.84
425447, 8.95
425452, 9.05
425457, 9.09
425462, 9.14
425467, 9.23
425472, 9.32
425477, 9.36
425482, 9.39
425487, 9.43
425492, 9.51
425497, 9.60
425502, 9.62
425507, 9.65
425512, 9.68
425517, 9.75
425522, 9.83
425527, 9.85
425532, 9.87
425537, 9.89
425542, 9.91
425547, 9.92
425552, 9.99
425557, 10.06
425562, 10.08
425567, 10.09
425572, 10.10
425577, 10.11
425582, 10.12
425587, 10.13
425592, 10.14
425597, 10.21
425602, 10.27
425607, 10.28
425612, 10.23
425617, 10.24
425622, 10.30
425627, 10.30
425632, 10.31
425637, 10.31
425642, 10.32
425647, 10.32
425652, 10.33
425657, 10.33
425662, 10.34
425667, 10.34
425672, 10.34
425677, 10.35
425682, 10.35
425687, 10.36
425692, 10.36
425697, 10.36
425702, 10.37
425707, 10.37
425712, 10.37
425717, 10.38
425722, 10.38
425727, 10.38
425732, 10.33
425737, 10.28
425742, 10.29
425747, 10.29
425752, 10.30
425757, 10.30
425762, 10.31
425767, 10.31
425772, 10.32
425777, 10.32
425782, 10.33
425787, 10.33
425792, 10.34
425797, 10.34
425802, 10.34
425807, 10.29
425812, 10.25
425817, 10.25
425822, 10.26
425827, 10.27
425832, 10.27
425837, 10.28
425842, 10.29
425847, 10.29
425852, 10.30
425857, 10.25
425862, 10.20
425867, 10.21
425872, 10.22
425877, 10.23
425882, 10.23
425887, 10.24
425892, 10.25
425897, 10.20
425902, 10.15
425907, 10.16
425912, 10.17
425917, 10.18
425922, 10.19
425927, 10.20
425932, 10.21
425937, 10.22
425942, 10.17
425947, 10.13
425952, 10.14
425957, 10.15
425962, 10.16
425967, 10.17
425972, 10.18
425977, 10.19
425982, 10.14
425987, 10.10
425992, 10.11
425997, 10.12
426002, 10.13
426007, 10.14
426012, 10.15
426017, 10.16
426022, 10.12
426027, 10.07
426032, 10.09
426037, 10.10
426042, 10.11
426047, 10.12
426052, 10.13
426057, 10.09
426062, 10.05
426067, 10.06
426072, 10.07
426077, 10.08
426082, 10.10
426087, 10.11
426092, 10.07
426097, 10.02
426102, 10.04
426107, 10.05
426112, 10.06
426117, 10.08
426122, 10.09
426127, 10.05
426132, 10.01
426137, 10.02
426142, 10.03
426147, 10.05
426152, 10.01
426157, 9.97
426162, 9.98
426167, 10.00
426172, 10.01
426177, 10.03
426182, 10.04
426187, 10.05
426192, 10.01
426197, 9.97
426202, 9.99
426207, 10.00
426212, 10.02
426217, 10.03
426222, 10.05
426227, 10.06
426232, 10.02
426237, 9.98
426242, 9.99
426247, 10.01
426252, 10.02
426257, 10.04
426262, 10.05
426267, 10.01
426272, 9.97
426277, 9.98
426282, 10.00
426287, 10.01
426292, 10.03
426297, 10.04
426302, 10.00
426307, 9.96
426312, 9.98
426317, 9.99
426322, 10.01
426327, 10.02
426332, 9.98
426337, 9.94
426342, 9.96
426347, 9.98
426352, 9.99
426357, 10.01
426362, 9.97
426367, 9.98
426372, 10.00
426377, 9.96
426382, 9.97
426387, 9.99
426392, 10.00
426397, 10.02
426402, 9.98
426407, 9.94
426412, 9.96
426417, 9.97
426422, 9.99
426427, 10.00
426432, 10.02
426437, 10.03
426442, 9.99
426447, 9.95
426452, 9.97
426457, 9.98
426462, 10.00
426467, 10.01
426472, 10.03
426477, 9.99
426482, 9.95
426487, 9.96
426492, 9.98
426497, 10.00
426502, 10.01
426507, 10.02
426512, 10.04
426517, 10.00
426522, 9.96
426527, 9.97
426532, 9.99
426537, 10.00
426542, 10.02
426547, 10.03
426552, 10.05
426557, 10.01
426562, 9.97
426567, 9.98
426572, 10.00
426577, 10.01
426582, 10.03
426587, 10.04
426592, 10.05
426597, 10.07
426602, 10.02
426607, 9.98
426612, 10.00
426617, 10.01
426622, 10.03
426627, 10.04
426632, 10.06
426637, 10.01
426642, 9.97
426647, 9.99
426652, 10.00
426657, 10.02
426662, 10.03
426667, 10.05
426672, 10.06
426677, 10.07
426682, 10.03
426687, 9.99
426692, 10.01
426697, 10.02
426702, 10.03
426707, 10.05
426712, 10.06
426717, 10.02
426722, 9.98
426727, 9.99
426732, 10.01
426737, 10.02
426742, 9.98
426747, 10.00
426752, 10.01
426757, 9.97
426762, 9.99
426767, 10.00
426772, 10.02
426777, 10.03
426782, 9.99
426787, 9.95
426792, 9.97
426797, 9.98
426802, 10.00
426807, 10.01
426812, 10.03
426817, 10.04
426822, 10.00
426827, 9.96
426832, 9.98
426837, 9.99
426842, 10.01
426847, 10.02
426852, 10.04
426857, 10.05
426862, 10.01
426867, 9.97
426872, 9.98
426877, 10.00
426882, 10.01
426887, 10.03
426892, 10.04
426897, 10.00
426902, 9.96
426907, 9.98
426912, 9.99
426917, 10.01
426922, 10.02
426927, 10.04
426932, 10.05
426937, 10.01
426942, 9.97
426947, 9.98
426952, 10.00
426957, 10.01
426962, 10.03
426967, 10.04
426972, 10.00
426977, 9.96
426982, 9.98
426987, 9.99
426992, 10.01
426997, 10.02
427002, 10.04
427007, 10.00
427012, 9.96
427017, 9.97
427022, 9.99
427027, 10.00
427032, 10.02
427037, 9.98
427042, 9.94
427047, 9.96
427052, 9.97
427057, 9.99
427062, 10.00
427067, 9.96
427072, 9.92
427077, 9.94
427082, 9.96
427087, 9.97
427092, 9.99
427097, 10.00
427102, 10.02
427107, 10.03
427112, 9.99
427117, 9.95
427122, 9.97
427127, 9.98
427132, 10.00
427137, 10.01
427142, 10.03
427147, 9.99
427152, 9.95
427157, 9.97
427162, 9.98
427167, 10.00
427172, 10.01
427177, 10.02
427182, 10.04
427187, 10.05
427192, 10.01
427197, 9.97
427202, 9.99
427207, 10.00
427212, 10.02
427217, 10.03
427222, 10.04
427227, 10.06
427232, 10.07
427237, 10.03
427242, 9.99
427247, 10.00
427252, 10.02
427257, 10.03
427262, 10.05
427267, 10.06
427272, 10.02
427277, 9.98
427282, 9.99
427287, 10.01
427292, 10.02
427297, 10.04
427302, 10.05
427307, 10.01
427312, 9.97
427317, 9.98
427322, 10.00
427327, 10.01
427332, 10.03
427337, 10.04
427342, 10.06
427347, 10.07
427352, 10.03
427357, 9.99
427362, 10.00
427367, 10.02
427372, 10.03
427377, 9.99
427382, 10.00
427387, 10.02
427392, 9.98
427397, 9.99
427402, 10.01
427407, 10.02
427412, 9.98
427417, 9.94
427422, 9.96
427427, 9.98
427432, 9.99
427437, 10.01
427442, 10.02
427447, 9.98
427452, 9.94
427457, 9.96
427462, 9.97
427467, 9.99
427472, 10.00
427477, 10.02
427482, 10.03
427487, 9.99
427492, 9.95
427497, 9.97
427502, 9.99
427507, 10.00
427512, 10.02
427517, 10.03
427522, 10.04
427527, 10.00
427532, 9.96
427537, 9.98
427542, 9.99
427547, 10.01
427552, 10.02
427557, 10.04
427562, 10.00
427567, 9.96
427572, 9.97
427577, 9.99
427582, 10.00
427587, 10.02
427592, 10.03
427597, 9.99
427602, 9.95
427607, 9.97
427612, 9.98
427617, 10.00
427622, 10.01
427627, 10.03
427632, 9.99
427637, 9.95
427642, 9.96
427647, 9.98
427652, 10.00
427657, 10.01
427662, 10.02
427667, 9.98
427672, 9.95
427677, 9.96
427682, 9.98
427687, 9.99
427692, 10.01
427697, 10.02
427702, 9.98
427707, 9.94
427712, 9.96
427717, 9.98
427722, 9.99
427727, 10.01
427732, 10.02
427737, 9.98
427742, 9.94
427747, 9.96
427752, 9.97
427757, 9.99
427762, 10.00
427767, 10.02
427772, 10.03
427777, 10.05
427782, 10.01
427787, 9.97
427792, 9.98
427797, 10.00
427802, 10.01
427807, 10.03
427812, 10.04
427817, 10.00
427822, 9.96
427827, 9.98
427832, 9.99
427837, 10.01
427842, 10.02
427847, 10.03
427852, 10.05
427857, 10.01
427862, 9.97
427867, 9.98
427872, 10.00
427877, 10.01
427882, 10.03
427887, 10.04
427892, 10.05
427897, 10.01
427902, 9.97
427907, 9.99
427912, 10.00
427917, 10.02
427922, 10.03
427927, 10.05
427932, 10.00
427937, 9.97
427942, 9.98
427947, 10.00
427952, 10.01
427957, 10.03
427962, 10.04
427967, 10.00
427972, 10.01
427977, 10.03
427982, 9.99
427987, 10.00
427992, 10.02
427997, 10.03
428002, 9.99
428007, 10.01
428012, 10.02
428017, 9.98
428022, 9.99
428027, 10.01
428032, 10.02
428037, 9.98
428042, 10.00
428047, 10.01
428052, 9.97
428057, 9.99
428062, 10.00
428067, 10.02
428072, 10.03
428077, 9.99
428082, 9.95
428087, 9.97
428092, 9.98
428097, 10.00
428102, 10.01
428107, 10.03
428112, 10.04
428117, 10.00
428122, 9.96
428127, 9.98
428132, 9.99
428137, 10.01
428142, 10.02
428147, 10.04
428152, 10.00
428157, 9.96
428162, 9.97
428167, 9.99
428172, 10.00
428177, 10.02
428182, 10.03
428187, 10.04
428192, 10.06
428197, 10.02
428202, 9.98
428207, 9.99
428212, 10.01
428217, 10.02
428222, 10.04
428227, 10.05
428232, 10.01
428237, 9.97
428242, 9.98
428247, 10.00
428252, 10.01
428257, 10.03
428262, 10.04
428267, 10.00
428272, 9.96
428277, 9.98
428282, 9.99
428287, 10.01
428292, 10.02
428297, 9.98
428302, 9.94
428307, 9.96
428312, 9.98
428317, 9.99
428322, 10.01
428327, 10.02
428332, 10.03
428337, 9.99
428342, 9.95
428347, 9.97
428352, 9.99
428357, 10.00
428362, 10.02
428367, 10.03
428372, 9.99
428377, 9.95
428382, 9.97
428387, 9.98
428392, 10.00
428397, 10.01
428402, 10.03
428407, 9.99
428412, 9.95
428417, 9.96
428422, 9.98
428427, 9.99
428432, 10.01
428437, 10.02
428442, 10.04
428447, 10.05
428452, 10.01
428457, 9.97
428462, 9.99
428467, 10.00
428472, 10.02
428477, 10.03
428482, 10.04
428487, 10.00
428492, 9.96
428497, 9.98
428502, 9.99
428507, 10.01
428512, 10.02
428517, 10.04
428522, 10.05
428527, 10.06
428532, 10.02
428537, 9.98
428542, 10.00
428547, 10.01
428552, 10.03
428557, 10.04
428562, 10.05
428567, 10.01
428572, 9.97
428577, 9.99
428582, 10.00
428587, 10.02
428592, 10.03
428597, 10.04
428602, 10.06
428607, 10.02
428612, 9.98
428617, 9.99
428622, 10.01
428627, 10.02
428632, 10.04
428637, 10.00
428642, 9.96
428647, 9.97
428652, 9.99
428657, 10.00
428662, 10.02
428667, 10.03
428672, 9.99
428677, 9.95
428682, 9.97
428687, 9.98
428692, 10.00
428697, 10.01
428702, 10.03
428707, 9.99
428712, 9.95
428717, 9.96
428722, 9.98
428727, 10.00
428732, 10.01
428737, 10.02
428742, 9.98
428747, 9.95
428752, 9.96
428757, 9.98
428762, 9.99
428767, 10.01
428772, 10.02
428777, 9.98
428782, 9.94
428787, 9.96
428792, 9.98
428797, 9.99
428802, 10.01
428807, 10.02
428812, 10.03
428817, 10.05
428822, 10.01
428827, 9.97
428832, 9.98
428837, 10.00
428842, 10.01
428847, 10.03
428852, 10.04
428857, 10.00
428862, 9.96
428867, 9.98
428872, 9.99
428877, 10.01
428882, 10.02
428887, 10.03
428892, 9.99
428897, 9.95
428902, 9.97
428907, 9.99
428912, 10.00
428917, 9.96
428922, 9.98
428927, 9.99
428932, 9.95
428937, 9.97
428942, 9.99
428947, 10.00
428952, 10.02
428957, 9.98
428962, 9.94
428967, 9.95
428972, 9.97
428977, 9.98
428982, 10.00
428987, 10.01
428992, 10.03
428997, 9.99
429002, 9.95
429007, 9.97
429012, 9.98
429017, 10.00
429022, 10.01
429027, 10.03
429032, 10.04
429037, 10.05
429042, 10.01
429047, 9.97
429052, 9.99
429057, 10.00
429062, 10.02
429067, 10.03
429072, 10.04
429077, 10.00
429082, 9.96
429087, 9.98
429092, 10.00
429097, 10.01
429102, 10.02
429107, 10.04
429112, 10.05
429117, 10.01
429122, 9.97
429127, 9.99
429132, 10.00
429137, 10.02
429142, 10.03
429147, 10.04
429152, 10.06
429157, 10.02
429162, 9.98
429167, 9.99
429172, 10.01
429177, 10.02
429182, 10.03
429187, 10.05
429192, 10.06
429197, 10.02
429202, 9.98
429207, 10.00
429212, 10.01
429217, 10.02
429222, 10.04
429227, 10.05
429232, 10.06
429237, 10.02
429242, 9.98
429247, 10.00
429252, 10.01
429257, 10.03
429262, 9.99
429267, 9.95
429272, 9.96
429277, 9.98
429282, 9.99
429287, 10.01
429292, 10.02
429297, 9.98
429302, 9.94
429307, 9.96
429312, 9.98
429317, 9.99
429322, 10.01
429327, 10.02
429332, 9.98
429337, 9.94
429342, 9.96
429347, 9.97
429352, 9.99
429357, 10.01
429362, 10.02
429367, 10.03
429372, 9.99
429377, 9.95
429382, 9.97
429387, 9.99
429392, 10.00
429397, 10.02
429402, 10.03
429407, 10.04
429412, 10.00
429417, 9.96
429422, 9.98
429427, 9.99
429432, 10.01
429437, 10.02
429442, 10.04
429447, 10.00
429452, 9.96
429457, 9.97
429462, 9.99
429467, 10.00
429472, 10.02
429477, 10.03
429482, 9.99
429487, 9.95
429492, 9.97
429497, 9.98
429502, 10.00
429507, 9.96
429512, 9.92
429517, 9.94
429522, 9.96
429527, 9.97
429532, 9.99
429537, 10.00
429542, 10.02
429547, 9.98
429552, 9.94
429557, 9.95
429562, 9.97
429567, 9.99
429572, 10.00
429577, 10.02
429582, 9.98
429587, 9.94
429592, 9.95
429597, 9.97
429602, 9.98
429607, 10.00
429612, 10.01
429617, 10.03
429622, 9.99
429627, 9.95
429632, 9.97
429637, 9.98
429642, 10.00
429647, 10.01
429652, 10.03
429657, 10.04
429662, 10.00
429667, 9.96
429672, 9.98
429677, 9.99
429682, 10.01
429687, 10.02
429692, 10.03
429697, 10.05
429702, 10.01
429707, 9.97
429712, 9.98
429717, 10.00
429722, 10.01
429727, 10.03
429732, 10.04
429737, 10.05
429742, 10.01
429747, 9.97
429752, 9.99
429757, 10.00
429762, 10.02
429767, 10.03
429772, 10.05
429777, 10.06
429782, 10.02
429787, 9.98
429792, 9.99
429797, 10.01
429802, 10.02
429807, 10.04
429812, 10.05
429817, 10.06
429822, 10.02
429827, 9.98
429832, 10.00
429837, 10.01
429842, 10.03
429847, 10.04
429852, 10.05
429857, 10.07
429862, 10.02
429867, 9.98
429872, 10.00
429877, 10.01
429882, 10.03
429887, 10.04
429892, 10.05
429897, 10.01
429902, 9.97
429907, 9.99
429912, 10.00
429917, 10.02
429922, 10.03
429927, 9.99
429932, 9.95
429937, 9.97
429942, 9.98
429947, 10.00
429952, 10.01
429957, 10.03
429962, 10.04
429967, 10.00
429972, 9.96
429977, 9.98
429982, 9.99
429987, 10.01
429992, 10.02
429997, 10.04
430002, 10.00
430007, 9.96
430012, 9.97
430017, 9.99
430022, 10.00
430027, 10.02
430032, 10.03
430037, 10.05
430042, 10.00
430047, 9.96
430052, 9.98
430057, 10.00
430062, 10.01
430067, 10.02
430072, 10.04
430077, 10.05
430082, 10.01
430087, 9.97
430092, 9.99
430097, 10.00
430102, 10.02
430107, 10.03
430112, 10.04
430117, 10.00
430122, 9.96
430127, 9.98
430132, 9.99
430137, 10.01
430142, 10.02
430147, 10.04
430152, 10.00
430157, 9.96
430162, 9.97
430167, 9.99
430172, 10.00
430177, 9.96
430182, 9.93
430187, 9.94
430192, 9.96
430197, 9.98
430202, 9.99
430207, 10.01
430212, 9.97
430217, 9.93
430222, 9.94
430227, 9.96
430232, 9.98
430237, 9.99
430242, 10.01
430247, 9.97
430252, 9.93
430257, 9.95
430262, 9.96
430267, 9.98
430272, 9.99
430277, 10.01
430282, 10.02
430287, 10.04
430292, 10.00
430297, 9.96
430302, 9.97
430307, 9.99
430312, 10.00
430317, 10.02
430322, 10.03
430327, 10.04
430332, 10.00
430337, 9.96
430342, 9.98
430347, 10.00
430352, 10.01
430357, 10.02
430362, 10.04
430367, 10.05
430372, 10.01
430377, 9.97
430382, 9.99
430387, 10.00
430392, 10.02
430397, 10.03
430402, 10.04
430407, 10.06
430412, 10.07
430417, 10.03
430422, 9.99
430427, 10.00
430432, 10.02
430437, 10.03
430442, 10.05
430447, 10.06
430452, 10.02
430457, 9.98
430462, 9.99
430467, 10.01
430472, 10.02
430477, 10.04
430482, 10.05
430487, 10.06
430492, 10.08
430497, 10.03
430502, 9.99
430507, 10.01
430512, 10.02
430517, 10.04
430522, 10.05
430527, 10.06
430532, 10.02
430537, 9.98
430542, 10.00
430547, 10.01
430552, 10.03
430557, 10.04
430562, 10.05
430567, 10.07
430572, 10.08
430577, 10.04
430582, 10.00
430587, 10.01
430592, 10.02
430597, 10.04
430602, 10.05
430607, 10.07
430612, 10.02
430617, 9.98
430622, 10.00
430627, 10.01
430632, 10.03
430637, 9.99
430642, 9.95
430647, 9.96
430652, 9.98
430657, 10.00
430662, 10.01
430667, 10.02
430672, 10.04
430677, 10.05
430682, 10.01
430687, 9.97
430692, 9.99
430697, 10.00
430702, 10.02
430707, 10.03
430712, 9.99
430717, 9.95
430722, 9.97
430727, 9.98
430732, 10.00
430737, 10.01
430742, 10.03
430747, 10.04
430752, 10.00
430757, 9.96
430762, 9.98
430767, 9.99
430772, 10.01
430777, 10.02
430782, 10.03
430787, 9.99
430792, 9.95
430797, 9.97
430802, 9.99
430807, 10.00
430812, 10.02
430817, 10.03
430822, 9.99
430827, 9.95
430832, 9.97
430837, 9.98
430842, 10.00
430847, 10.01
430852, 10.03
430857, 10.04
430862, 10.05
430867, 10.01
430872, 9.97
430877, 9.99
430882, 10.00
430887, 10.02
430892, 9.98
430897, 9.94
430902, 9.96
430907, 9.97
430912, 9.99
430917, 10.00
430922, 10.02
430927, 10.03
430932, 9.99
430937, 9.95
430942, 9.97
430947, 9.98
430952, 10.00
430957, 10.01
430962, 10.03
430967, 9.99
430972, 9.95
430977, 9.96
430982, 9.98
430987, 9.99
430992, 10.01
430997, 10.02
431002, 10.04
431007, 10.00
431012, 9.96
431017, 9.97
431022, 9.99
431027, 10.00
431032, 10.02
431037, 10.03
431042, 10.05
431047, 10.06
431052, 10.02
431057, 9.98
431062, 9.99
431067, 10.01
431072, 10.02
431077, 10.04
431082, 10.05
431087, 10.06
431092, 10.02
431097, 9.98
431102, 10.00
431107, 10.01
431112, 10.03
431117, 10.04
431122, 10.05
431127, 10.07
431132, 10.02
431137, 9.98
431142, 10.00
431147, 10.01
431152, 10.03
431157, 10.04
431162, 10.06
431167, 10.01
431172, 9.97
431177, 9.99
431182, 10.00
431187, 10.02
431192, 10.03
431197, 10.05
431202, 10.06
431207, 10.07
431212, 10.03
431217, 9.99
431222, 10.01
431227, 10.02
431232, 10.03
431237, 10.05
431242, 10.06
431247, 10.02
431252, 9.98
431257, 9.99
431262, 10.01
431267, 10.02
431272, 10.04
431277, 10.05
431282, 10.01
431287, 9.97
431292, 9.99
431297, 10.00
431302, 10.02
431307, 9.98
431312, 9.94
431317, 9.95
431322, 9.97
431327, 9.99
431332, 10.00
431337, 10.01
431342, 10.03
431347, 9.99
431352, 9.95
431357, 9.97
431362, 9.98
431367, 10.00
431372, 10.01
431377, 10.03
431382, 10.04
431387, 10.00
431392, 9.96
431397, 9.98
431402, 9.99
431407, 10.01
431412, 10.02
431417, 9.98
431422, 9.94
431427, 9.96
431432, 9.97
431437, 9.99
431442, 10.00
431447, 10.02
431452, 10.03
431457, 9.99
431462, 9.95
431467, 9.97
431472, 9.98
431477, 10.00
431482, 9.96
431487, 9.92
431492, 9.94
431497, 9.96
431502, 9.97
431507, 9.99
431512, 9.95
431517, 9.91
431522, 9.93
431527, 9.94
431532, 9.96
431537, 9.98
431542, 9.99
431547, 10.01
431552, 9.97
431557, 9.93
431562, 9.95
431567, 9.96
431572, 9.98
431577, 9.99
431582, 10.01
431587, 9.97
431592, 9.93
431597, 9.95
431602, 9.96
431607, 9.98
431612, 9.99
431617, 10.01
431622, 10.02
431627, 9.98
431632, 9.94
431637, 9.96
431642, 9.98
431647, 9.99
431652, 10.01
431657, 10.02
431662, 10.03
431667, 9.99
431672, 9.95
431677, 9.97
431682, 9.99
431687, 10.00
431692, 10.02
431697, 10.03
431702, 10.04
431707, 10.06
431712, 10.02
431717, 9.98
431722, 9.99
431727, 10.01
431732, 10.02
431737, 10.03
431742, 10.05
431747, 10.01
431752, 9.97
431757, 9.98
431762, 10.00
431767, 10.01
431772, 10.03
431777, 10.04
431782, 10.00
431787, 9.96
431792, 9.98
431797, 9.99
431802, 10.01
431807, 10.02
431812, 10.04
431817, 9.99
431822, 10.01
431827, 10.02
431832, 9.98
431837, 10.00
431842, 10.01
431847, 10.03
431852, 9.99
431857, 10.00
431862, 10.02
431867, 9.98
431872, 9.99
431877, 10.01
431882, 10.02
431887, 10.04
431892, 9.99
431897, 9.96
431902, 9.97
431907, 9.99
431912, 10.00
431917, 10.02
431922, 10.03
431927, 9.99
431932, 9.95
431937, 9.97
431942, 9.98
431947, 10.00
431952, 10.01
431957, 10.03
431962, 10.04
431967, 10.00
431972, 9.96
431977, 9.98
431982, 9.99
431987, 10.01
431992, 10.02
431997, 10.04
432002, 9.99
432007, 9.96
432012, 9.97
432017, 9.99
432022, 10.00
432027, 10.02
432032, 10.03
432037, 9.99
432042, 9.95
432047, 9.97
432052, 9.98
432057, 10.00
432062, 10.01
432067, 10.03
432072, 9.99
432077, 9.95
432082, 9.96
432087, 9.98
432092, 9.99
432097, 10.01
432102, 10.02
432107, 9.98
432112, 9.94
432117, 9.96
432122, 9.98
432127, 9.99
432132, 10.01
432137, 10.02
432142, 9.98
432147, 9.94
432152, 9.96
432157, 9.97
432162, 9.99
432167, 10.01
432172, 10.02
432177, 9.98
432182, 9.94
432187, 9.96
432192, 9.97
432197, 9.99
432202, 10.00
432207, 10.02
432212, 10.03
432217, 10.05
432222, 10.00
432227, 9.97
432232, 9.98
432237, 10.00
432242, 10.01
432247, 10.03
432252, 10.04
432257, 10.00
432262, 9.96
432267, 9.97
432272, 9.99
432277, 10.01
432282, 10.02
432287, 10.03
432292, 10.05
432297, 10.06
432302, 10.02
432307, 9.98
432312, 9.99
432317, 10.01
432322, 10.02
432327, 10.04
432332, 10.05
432337, 10.01
432342, 9.97
432347, 9.99
432352, 10.00
432357, 10.02
432362, 10.03
432367, 10.04
432372, 10.06
432377, 10.07
432382, 10.03
432387, 9.99
432392, 10.00
432397, 10.02
432402, 10.03
432407, 10.04
432412, 10.06
432417, 10.02
432422, 9.98
432427, 9.99
432432, 10.01
432437, 10.02
432442, 10.04
432447, 10.05
432452, 10.06
432457, 10.07
432462, 10.03
432467, 9.99
432472, 10.01
432477, 10.02
432482, 10.04
432487, 10.00
432492, 9.96
432497, 9.97
432502, 9.99
432507, 10.00
432512, 10.02
432517, 10.03
432522, 9.99
432527, 9.95
432532, 9.97
432537, 9.98
432542, 10.00
432547, 10.01
432552, 10.03
432557, 9.99
432562, 9.95
432567, 9.96
432572, 9.98
432577, 10.00
432582, 10.01
432587, 10.02
432592, 10.04
432597, 10.00
432602, 9.96
432607, 9.97
432612, 9.99
432617, 10.00
432622, 10.02
432627, 10.03
432632, 10.05
432637, 10.01
432642, 9.97
432647, 9.98
432652, 10.00
432657, 10.01
432662, 10.03
432667, 10.04
432672, 10.00
432677, 9.96
432682, 9.98
432687, 9.99
432692, 10.01
432697, 10.02
432702, 10.03
432707, 9.99
432712, 9.95
432717, 9.97
432722, 9.99
432727, 10.00
432732, 9.96
432737, 9.92
432742, 9.94
432747, 9.96
432752, 9.97
432757, 9.99
432762, 10.00
432767, 9.96
432772, 9.93
432777, 9.94
432782, 9.96
432787, 9.97
432792, 9.99
432797, 10.00
432802, 10.02
432807, 10.03
432812, 9.99
432817, 9.95
432822, 9.97
432827, 9.99
432832, 10.00
432837, 10.01
432842, 10.03
432847, 9.99
432852, 9.95
432857, 9.97
432862, 9.98
432867, 10.00
432872, 10.01
432877, 10.03
432882, 10.04
432887, 10.05
432892, 10.01
432897, 9.97
432902, 9.99
432907, 10.00
432912, 10.02
432917, 10.03
432922, 10.04
432927, 10.00
432932, 9.96
432937, 9.98
432942, 10.00
432947, 10.01
432952, 10.02
432957, 10.04
432962, 10.05
432967, 10.06
432972, 10.02
432977, 9.98
432982, 10.00
432987, 10.01
432992, 10.03
432997, 10.04
433002, 10.05
433007, 10.01
433012, 9.97
433017, 9.99
433022, 10.00
433027, 10.02
433032, 10.03
433037, 10.05
433042, 10.06
433047, 10.07
433052, 10.03
433057, 9.99
433062, 10.00
433067, 10.02
433072, 10.03
433077, 10.05
433082, 10.06
433087, 10.02
433092, 9.98
433097, 9.99
433102, 10.01
433107, 10.02
433112, 10.04
433117, 10.05
433122, 10.06
433127, 10.02
433132, 9.98
433137, 10.00
433142, 10.01
433147, 10.03
433152, 10.04
433157, 10.00
433162, 9.96
433167, 9.98
433172, 9.99
433177, 10.01
433182, 10.02
433187, 9.98
433192, 9.94
433197, 9.96
433202, 9.97
433207, 9.99
433212, 10.00
433217, 10.02
433222, 10.03
433227, 9.99
433232, 9.95
433237, 9.97
433242, 9.98
433247, 10.00
433252, 10.01
433257, 10.03
433262, 9.99
433267, 9.95
433272, 9.97
433277, 9.98
433282, 10.00
433287, 10.01
433292, 10.03
433297, 9.99
433302, 9.95
433307, 9.96
433312, 9.98
433317, 9.99
433322, 10.01
433327, 10.02
433332, 9.98
433337, 9.94
433342, 9.96
433347, 9.98
433352, 9.99
433357, 10.01
433362, 10.02
433367, 9.98
433372, 9.94
433377, 9.96
433382, 9.97
433387, 9.99
433392, 10.00
433397, 9.96
433402, 9.93
433407, 9.94
433412, 9.96
433417, 9.98
433422, 9.99
433427, 10.01
433432, 10.02
433437, 9.98
433442, 9.94
433447, 9.96
433452, 9.97
433457, 9.99
433462, 10.00
433467, 10.02
433472, 9.98
433477, 9.94
433482, 9.96
433487, 9.97
433492, 9.99
433497, 10.00
433502, 10.02
433507, 10.03
433512, 10.04
433517, 10.00
433522, 9.96
433527, 9.98
433532, 10.00
433537, 10.01
433542, 10.02
433547, 10.04
433552, 10.05
433557, 10.01
433562, 9.97
433567, 9.99
433572, 10.00
433577, 10.02
433582, 10.03
433587, 10.04
433592, 10.06
433597, 10.02
433602, 9.98
433607, 9.99
433612, 10.01
433617, 10.02
433622, 10.03
433627, 10.05
433632, 10.06
433637, 10.02
433642, 9.98
433647, 10.00
433652, 10.01
433657, 10.02
433662, 10.04
433667, 10.05
433672, 10.06
433677, 10.02
433682, 9.98
433687, 10.00
433692, 10.01
433697, 10.03
433702, 10.04
433707, 10.05
433712, 10.07
433717, 10.03
433722, 9.99
433727, 10.00
433732, 10.02
433737, 10.03
433742, 10.04
433747, 10.06
433752, 10.07
433757, 10.03
433762, 9.99
433767, 10.00
433772, 10.02
433777, 10.03
433782, 9.99
433787, 10.01
433792, 10.02
433797, 9.98
433802, 10.00
433807, 10.01
433812, 10.02
433817, 9.98
433822, 9.95
433827, 9.96
433832, 9.98
433837, 9.99
433842, 10.01
433847, 10.02
433852, 9.98
433857, 9.94
433862, 9.96
433867, 9.98
433872, 9.99
433877, 10.01
433882, 10.02
433887, 10.03
433892, 10.05
433897, 10.01
433902, 9.97
433907, 9.98
433912, 10.00
433917, 10.01
433922, 10.03
433927, 10.04
433932, 10.00
433937, 9.96
433942, 9.98
433947, 9.99
433952, 10.01
433957, 10.02
433962, 10.03
433967, 9.99
433972, 9.96
433977, 9.97
433982, 9.99
433987, 10.00
433992, 10.02
433997, 10.03
434002, 9.99
434007, 9.95
434012, 9.97
434017, 9.98
434022, 10.00
434027, 10.01
434032, 9.97
434037, 9.93
434042, 9.95
434047, 9.97
434052, 9.98
434057, 10.00
434062, 9.96
434067, 9.92
434072, 9.94
434077, 9.95
434082, 9.97
434087, 9.99
434092, 10.00
434097, 10.01
434102, 10.03
434107, 9.99
434112, 9.95
434117, 9.97
434122, 9.98
434127, 10.00
434132, 10.01
434137, 10.03
434142, 9.99
434147, 9.95
434152, 9.96
434157, 9.98
434162, 9.99
434167, 10.01
434172, 10.02
434177, 10.04
434182, 10.05
434187, 10.01
434192, 9.97
434197, 9.99
434202, 10.00
434207, 10.01
434212, 10.03
434217, 10.04
434222, 10.00
434227, 9.96
434232, 9.98
434237, 9.99
434242, 10.01
434247, 10.02
434252, 10.04
434257, 10.05
434262, 10.06
434267, 10.02
434272, 9.98
434277, 10.00
434282, 10.01
434287, 10.03
434292, 10.04
434297, 10.05
434302, 10.01
434307, 9.97
434312, 9.99
434317, 10.00
434322, 10.02
434327, 10.03
434332, 10.04
434337, 10.06
434342, 10.07
434347, 10.03
434352, 9.99
434357, 10.00
434362, 10.02
434367, 10.03
434372, 9.99
434377, 10.01
434382, 10.02
434387, 9.98
434392, 10.00
434397, 10.01
434402, 10.03
434407, 10.04
434412, 10.05
434417, 10.01
434422, 9.97
434427, 9.99
434432, 10.00
434437, 10.02
434442, 10.03
434447, 9.99
434452, 9.95
434457, 9.97
434462, 9.98
434467, 10.00
434472, 10.01
434477, 10.03
434482, 10.04
434487, 10.00
434492, 9.96
434497, 9.98
434502, 9.99
434507, 10.01
434512, 10.02
434517, 10.04
434522, 9.99
434527, 9.96
434532, 9.97
434537, 9.99
434542, 10.00
434547, 10.02
434552, 10.03
434557, 9.99
434562, 9.95
434567, 9.97
434572, 9.98
434577, 10.00
434582, 10.01
434587, 10.03
434592, 10.04
434597, 10.00
434602, 9.96
434607, 9.98
434612, 9.99
434617, 10.01
434622, 10.02
434627, 9.98
434632, 10.00
434637, 10.01
434642, 9.97
434647, 9.99
434652, 10.00
434657, 10.02
434662, 9.98
434667, 9.94
434672, 9.95
434677, 9.97
434682, 9.99
434687, 10.00
434692, 10.02
434697, 9.98
434702, 9.94
434707, 9.95
434712, 9.97
434717, 9.98
434722, 10.00
434727, 10.01
434732, 9.97
434737, 9.94
434742, 9.95
434747, 9.97
434752, 9.98
434757, 10.00
434762, 10.01
434767, 10.03
434772, 9.99
434777, 9.95
434782, 9.97
434787, 9.98
434792, 10.00
434797, 10.01
434802, 10.03
434807, 10.04
434812, 10.00
434817, 9.96
434822, 9.97
434827, 9.99
434832, 10.01
434837, 10.02
434842, 10.03
434847, 10.05
434852, 10.06
434857, 10.02
434862, 9.98
434867, 9.99
434872, 10.01
434877, 10.02
434882, 10.04
434887, 10.05
434892, 10.01
434897, 9.97
434902, 9.99
434907, 10.00
434912, 10.02
434917, 10.03
434922, 10.04
434927, 10.06
434932, 10.02
434937, 9.98
434942, 9.99
434947, 10.01
434952, 10.02
434957, 10.03
434962, 10.05
434967, 10.06
434972, 10.02
434977, 9.98
434982, 9.99
434987, 10.01
434992, 10.02
434997, 10.04
435002, 10.05
435007, 10.01
435012, 9.97
435017, 9.99
435022, 10.00
435027, 10.02
435032, 10.03
435037, 10.04
435042, 10.06
435047, 10.07
435052, 10.03
435057, 9.99
435062, 10.00
435067, 10.02
435072, 10.03
435077, 9.99
435082, 9.95
435087, 9.97
435092, 9.98
435097, 10.00
435102, 10.01
435107, 10.03
435112, 9.99
435117, 9.95
435122, 9.96
435127, 9.98
435132, 10.00
435137, 10.01
435142, 10.02
435147, 10.04
