458212, 0.00
458217, 0.00
458222, 0.00
458227, 0.05
458232, 0.11
458237, 0.21
458242, 0.37
458247, 0.52
458252, 0.66
458257, 0.80
458262, 1.00
458267, 1.23
458272, 1.47
458277, 1.69
458282, 1.96
458287, 2.23
458292, 2.48
458297, 2.73
458302, 2.97
458307, 3.20
458312, 3.42
458317, 3.64
458322, 3.91
458327, 4.16
458332, 4.36
458337, 4.60
458342, 4.84
458347, 5.07
458352, 5.29
458357, 5.50
458362, 5.71
458367, 5.91
458372, 6.11
458377, 6.30
458382, 6.53
458387, 6.71
458392, 6.88
458397, 7.10
458402, 7.26
458407, 7.41
458412, 7.56
458417, 7.70
458422, 7.84
458427, 7.98
458432, 8.16
458437, 8.34
458442, 8.46
458447, 8.58
458452, 8.69
458457, 8.80
458462, 8.96
458467, 9.11
458472, 9.21
458477, 9.30
458482, 9.39
458487, 9.48
458492, 9.62
458497, 9.70
458502, 9.78
458507, 9.85
458512, 9.93
458517, 10.00
458522, 10.07
458527, 10.19
458532, 10.25
458537, 10.31
458542, 10.37
458547, 10.43
458552, 10.48
458557, 10.54
458562, 10.64
458567, 10.69
458572, 10.74
458577, 10.78
458582, 10.83
458587, 10.87
458592, 10.91
458597, 10.95
458602, 10.99
458607, 11.03
458612, 11.07
458617, 11.10
458622, 11.14
458627, 11.17
458632, 11.20
458637, 11.23
458642, 11.21
458647, 11.24
458652, 11.27
458657, 11.30
458662, 11.33
458667, 11.30
458672, 11.33
458677, 11.36
458682, 11.38
458687, 11.41
458692, 11.38
458697, 11.41
458702, 11.43
458707, 11.46
458712, 11.48
458717, 11.45
458722, 11.42
458727, 11.39
458732, 11.42
458737, 11.44
458742, 11.46
458747, 11.49
458752, 11.46
458757, 11.43
458762, 11.45
458767, 11.47
458772, 11.44
458777, 11.47
458782, 11.49
458787, 11.46
458792, 11.43
458797, 11.40
458802, 11.42
458807, 11.45
458812, 11.42
458817, 11.44
458822, 11.47
458827, 11.44
458832, 11.41
458837, 11.38
458842, 11.40
458847, 11.43
458852, 11.40
458857, 11.37
458862, 11.34
458867, 11.32
458872, 11.34
458877, 11.37
458882, 11.34
458887, 11.32
458892, 11.34
458897, 11.37
458902, 11.34
458907, 11.32
458912, 11.29
458917, 11.26
458922, 11.29
458927, 11.32
458932, 11.30
458937, 11.27
458942, 11.25
458947, 11.22
458952, 11.20
458957, 11.23
458962, 11.26
458967, 11.24
458972, 11.21
458977, 11.19
458982, 11.17
458987, 11.20
458992, 11.23
458997, 11.21
459002, 11.19
459007, 11.16
459012, 11.20
459017, 11.17
459022, 11.15
459027, 11.18
459032, 11.16
459037, 11.14
459042, 11.12
459047, 11.15
459052, 11.19
459057, 11.17
459062, 11.14
459067, 11.12
459072, 11.10
459077, 11.08
459082, 11.12
459087, 11.15
459092, 11.13
459097, 11.11
459102, 11.09
459107, 11.07
459112, 11.05
459117, 11.09
459122, 11.12
459127, 11.10
459132, 11.08
459137, 11.07
459142, 11.05
459147, 11.03
459152, 11.07
459157, 11.10
459162, 11.08
459167, 11.06
459172, 11.05
459177, 11.03
459182, 11.01
459187, 10.99
459192, 10.98
459197, 11.02
459202, 11.05
459207, 11.04
459212, 11.02
459217, 11.00
459222, 10.98
459227, 10.97
459232, 11.01
459237, 11.04
459242, 11.03
459247, 11.01
459252, 10.99
459257, 10.98
459262, 10.96
459267, 11.00
459272, 11.04
459277, 11.02
459282, 11.00
459287, 10.99
459292, 10.97
459297, 10.96
459302, 10.99
459307, 11.03
459312, 11.02
459317, 11.00
459322, 10.98
459327, 10.97
459332, 10.95
459337, 10.99
459342, 11.03
459347, 11.01
459352, 10.99
459357, 10.98
459362, 10.96
459367, 11.00
459372, 11.04
459377, 11.02
459382, 11.00
459387, 10.99
459392, 10.97
459397, 11.01
459402, 11.05
459407, 11.03
459412, 11.01
459417, 11.00
459422, 10.98
459427, 10.96
459432, 11.00
459437, 11.04
459442, 11.02
459447, 11.01
459452, 10.99
459457, 10.97
459462, 11.01
459467, 11.05
459472, 11.03
459477, 11.01
459482, 11.00
459487, 10.98
459492, 10.97
459497, 11.00
459502, 11.04
459507, 11.02
459512, 11.01
459517, 10.99
459522, 10.97
459527, 10.96
459532, 11.00
459537, 11.04
459542, 11.02
459547, 11.00
459552, 10.98
459557, 10.97
459562, 10.95
459567, 10.99
459572, 11.03
459577, 11.01
459582, 11.00
459587, 10.98
459592, 10.96
459597, 10.95
459602, 10.99
459607, 11.03
459612, 11.01
459617, 10.99
459622, 10.98
459627, 10.96
459632, 10.95
459637, 10.93
459642, 10.97
459647, 11.01
459652, 10.99
459657, 10.98
459662, 10.96
459667, 10.95
459672, 10.93
459677, 10.97
459682, 11.01
459687, 10.99
459692, 10.98
459697, 10.96
459702, 11.00
459707, 11.04
459712, 11.02
459717, 11.00
459722, 10.99
459727, 11.02
459732, 11.06
459737, 11.04
459742, 11.03
459747, 11.01
459752, 10.99
459757, 10.98
459762, 11.01
459767, 11.05
459772, 11.03
459777, 11.02
459782, 11.00
459787, 10.98
459792, 10.97
459797, 11.01
459802, 11.04
459807, 11.03
459812, 11.01
459817, 10.99
459822, 10.98
459827, 10.96
459832, 11.00
459837, 11.04
459842, 11.02
459847, 11.00
459852, 10.99
459857, 10.97
459862, 10.95
459867, 10.99
459872, 11.03
459877, 11.01
459882, 11.00
459887, 10.98
459892, 11.02
459897, 11.06
459902, 11.04
459907, 11.02
459912, 11.00
459917, 11.04
459922, 11.08
459927, 11.06
459932, 11.04
459937, 11.02
459942, 11.01
459947, 10.99
459952, 10.97
459957, 11.01
459962, 11.05
459967, 11.03
459972, 11.01
459977, 11.00
459982, 10.98
459987, 11.02
459992, 11.06
459997, 11.04
460002, 11.02
460007, 11.00
460012, 10.99
460017, 10.97
460022, 11.01
460027, 11.05
460032, 11.03
460037, 11.01
460042, 11.00
460047, 10.98
460052, 10.96
460057, 11.00
460062, 11.04
460067, 11.02
460072, 11.01
460077, 10.99
460082, 10.97
460087, 10.96
460092, 10.94
460097, 10.98
460102, 11.02
460107, 11.00
460112, 10.99
460117, 10.97
460122, 10.96
460127, 10.94
460132, 10.98
460137, 11.02
460142, 11.00
460147, 10.98
460152, 10.97
460157, 10.95
460162, 10.99
460167, 11.03
460172, 11.01
460177, 11.00
460182, 10.98
460187, 11.02
460192, 11.06
460197, 11.04
460202, 11.02
460207, 11.00
460212, 10.99
460217, 10.97
460222, 11.01
460227, 11.05
460232, 11.03
460237, 11.01
460242, 11.00
460247, 10.98
460252, 10.96
460257, 11.00
460262, 11.04
460267, 11.02
460272, 11.01
460277, 10.99
460282, 10.97
460287, 10.96
460292, 11.00
460297, 10.98
460302, 10.96
460307, 11.00
460312, 10.99
460317, 10.97
460322, 10.96
460327, 10.99
460332, 11.03
460337, 11.01
460342, 11.00
460347, 10.98
460352, 10.97
460357, 10.95
460362, 10.99
460367, 11.03
460372, 11.01
460377, 10.99
460382, 10.98
460387, 10.96
460392, 10.95
460397, 10.93
460402, 10.97
460407, 11.01
460412, 10.99
460417, 10.98
460422, 10.96
460427, 10.95
460432, 10.99
460437, 11.02
460442, 11.01
460447, 10.99
460452, 10.97
460457, 11.01
460462, 11.05
460467, 11.03
460472, 11.02
460477, 11.00
460482, 10.98
460487, 10.97
460492, 11.00
460497, 11.04
460502, 11.02
460507, 11.01
460512, 10.99
460517, 10.98
460522, 10.96
460527, 11.00
460532, 11.04
460537, 11.02
460542, 11.00
460547, 10.99
460552, 10.97
460557, 11.01
460562, 11.05
460567, 11.03
460572, 11.01
460577, 10.99
460582, 10.98
460587, 10.96
460592, 11.00
460597, 11.04
460602, 11.02
460607, 11.00
460612, 10.99
460617, 10.97
460622, 10.96
460627, 11.00
460632, 11.03
460637, 11.02
460642, 11.00
460647, 10.98
460652, 10.97
460657, 11.01
460662, 11.04
460667, 11.03
460672, 11.01
460677, 10.99
460682, 11.03
460687, 11.07
460692, 11.05
460697, 11.03
460702, 11.01
460707, 11.00
460712, 10.98
460717, 11.02
460722, 11.06
460727, 11.04
460732, 11.02
460737, 11.00
460742, 10.99
460747, 10.97
460752, 11.01
460757, 11.05
460762, 11.03
460767, 11.01
460772, 10.99
460777, 10.98
460782, 10.96
460787, 11.00
460792, 11.04
460797, 11.02
460802, 11.00
460807, 10.99
460812, 10.97
460817, 10.96
460822, 10.94
460827, 10.98
460832, 11.02
460837, 11.00
460842, 10.99
460847, 10.97
460852, 10.95
460857, 10.94
460862, 10.98
460867, 11.02
460872, 11.00
460877, 10.98
460882, 10.97
460887, 10.95
460892, 10.99
460897, 11.03
460902, 11.01
460907, 11.00
460912, 10.98
460917, 10.96
460922, 10.95
460927, 10.99
460932, 11.03
460937, 11.01
460942, 10.99
460947, 10.98
460952, 11.01
460957, 11.00
460962, 10.98
460967, 11.02
460972, 11.00
460977, 10.99
460982, 10.97
460987, 11.01
460992, 11.05
460997, 11.03
461002, 11.01
461007, 10.99
461012, 10.98
461017, 10.96
461022, 11.00
461027, 11.04
461032, 11.02
461037, 11.00
461042, 10.99
461047, 10.97
461052, 10.96
461057, 11.00
461062, 11.03
461067, 11.02
461072, 11.00
461077, 10.98
461082, 10.97
461087, 10.95
461092, 10.99
461097, 11.03
461102, 11.01
461107, 11.00
461112, 10.98
461117, 10.96
461122, 10.95
461127, 10.99
461132, 11.03
461137, 11.01
461142, 10.99
461147, 10.98
461152, 11.01
461157, 11.05
461162, 11.03
461167, 11.02
461172, 11.00
461177, 11.04
461182, 11.07
461187, 11.05
461192, 11.04
461197, 11.02
461202, 11.00
461207, 10.99
461212, 11.02
461217, 11.06
461222, 11.04
461227, 11.03
461232, 11.01
461237, 10.99
461242, 10.98
461247, 11.01
461252, 11.05
461257, 11.03
461262, 11.02
461267, 11.00
461272, 10.98
461277, 10.97
461282, 11.01
461287, 11.04
461292, 11.03
461297, 11.01
461302, 10.99
461307, 10.98
461312, 10.96
461317, 11.00
461322, 11.04
461327, 11.02
461332, 11.00
461337, 10.99
461342, 10.97
461347, 10.95
461352, 10.99
461357, 11.03
461362, 11.01
461367, 11.00
461372, 10.98
461377, 10.97
461382, 10.95
461387, 10.99
461392, 11.03
461397, 11.01
461402, 10.99
461407, 10.98
461412, 10.96
461417, 11.00
461422, 11.04
461427, 11.02
461432, 11.00
461437, 10.99
461442, 10.97
461447, 11.01
461452, 11.05
461457, 11.03
461462, 11.01
461467, 11.00
461472, 10.98
461477, 10.96
461482, 11.00
461487, 11.04
461492, 11.02
461497, 11.01
461502, 10.99
461507, 10.97
461512, 10.96
461517, 11.00
461522, 11.03
461527, 11.02
461532, 11.00
461537, 10.98
461542, 10.97
461547, 10.95
461552, 10.99
461557, 11.03
461562, 11.01
461567, 11.00
461572, 10.98
461577, 10.96
461582, 10.95
461587, 10.99
461592, 11.03
461597, 11.01
461602, 10.99
461607, 10.98
461612, 10.96
461617, 10.95
461622, 10.98
461627, 11.02
461632, 11.01
461637, 10.99
461642, 10.97
461647, 10.96
461652, 10.94
461657, 10.98
461662, 11.02
461667, 11.00
461672, 10.99
461677, 10.97
461682, 10.96
461687, 10.94
461692, 10.98
461697, 11.02
461702, 11.00
461707, 10.99
461712, 10.97
461717, 11.01
461722, 11.05
461727, 11.03
461732, 11.01
461737, 10.99
461742, 10.98
461747, 11.02
461752, 11.05
461757, 11.04
461762, 11.02
461767, 11.00
461772, 10.98
461777, 11.02
461782, 11.06
461787, 11.04
461792, 11.02
461797, 11.01
461802, 10.99
461807, 10.97
461812, 11.01
461817, 11.05
461822, 11.03
461827, 11.01
461832, 11.00
461837, 10.98
461842, 10.97
461847, 11.00
461852, 11.04
461857, 11.02
461862, 11.01
461867, 10.99
461872, 10.97
461877, 11.01
461882, 11.05
461887, 11.03
461892, 11.02
461897, 11.00
461902, 10.98
461907, 11.02
461912, 11.06
461917, 11.04
461922, 11.02
461927, 11.00
461932, 10.99
461937, 11.03
461942, 11.06
461947, 11.04
461952, 11.03
461957, 11.01
461962, 10.99
461967, 11.03
461972, 11.07
461977, 11.05
461982, 11.03
461987, 11.01
461992, 11.00
461997, 10.98
462002, 10.97
462007, 10.95
462012, 10.99
462017, 11.03
462022, 11.01
462027, 10.99
462032, 10.98
462037, 10.96
462042, 11.00
462047, 11.04
462052, 11.02
462057, 11.00
462062, 10.99
462067, 10.97
462072, 10.96
462077, 10.99
462082, 11.03
462087, 11.02
462092, 11.00
462097, 10.98
462102, 10.97
462107, 10.95
462112, 10.99
462117, 11.03
462122, 11.01
462127, 10.99
462132, 10.98
462137, 10.96
462142, 11.00
462147, 11.04
462152, 11.02
462157, 11.00
462162, 10.99
462167, 10.97
462172, 10.96
462177, 11.00
462182, 11.03
462187, 11.02
462192, 11.00
462197, 10.98
462202, 11.02
462207, 11.06
462212, 11.04
462217, 11.02
462222, 11.01
462227, 10.99
462232, 10.97
462237, 10.96
462242, 11.00
462247, 11.03
462252, 11.02
462257, 11.00
462262, 10.98
462267, 10.97
462272, 10.95
462277, 10.94
462282, 10.98
462287, 11.02
462292, 11.00
462297, 10.98
462302, 10.97
462307, 10.95
462312, 10.99
462317, 11.03
462322, 11.01
462327, 10.99
462332, 10.98
462337, 10.96
462342, 10.95
462347, 10.99
462352, 11.02
462357, 11.01
462362, 10.99
462367, 10.98
462372, 10.96
462377, 11.00
462382, 11.04
462387, 11.02
462392, 11.00
462397, 10.99
462402, 10.97
462407, 10.95
462412, 10.99
462417, 11.03
462422, 11.01
462427, 11.00
462432, 10.98
462437, 11.02
462442, 11.06
462447, 11.04
462452, 11.02
462457, 11.00
462462, 10.99
462467, 10.97
462472, 11.01
462477, 11.05
462482, 11.03
462487, 11.01
462492, 11.00
462497, 10.98
462502, 11.02
462507, 11.05
462512, 11.04
462517, 11.02
462522, 11.00
462527, 10.99
462532, 11.02
462537, 11.06
462542, 11.04
462547, 11.02
462552, 11.01
462557, 10.99
462562, 10.98
462567, 11.01
462572, 11.05
462577, 11.03
462582, 11.02
462587, 11.00
462592, 11.04
462597, 11.07
462602, 11.05
462607, 11.04
462612, 11.02
462617, 11.00
462622, 10.99
462627, 11.02
462632, 11.06
462637, 11.04
462642, 11.02
462647, 11.01
462652, 10.99
462657, 10.98
462662, 11.01
462667, 11.05
462672, 11.03
462677, 11.02
462682, 11.00
462687, 10.98
462692, 10.97
462697, 11.01
462702, 11.04
462707, 11.03
462712, 11.01
462717, 10.99
462722, 10.98
462727, 10.96
462732, 11.00
462737, 11.04
462742, 11.02
462747, 11.00
462752, 10.99
462757, 10.97
462762, 10.95
462767, 10.99
462772, 11.03
462777, 11.01
462782, 11.00
462787, 10.98
462792, 10.97
462797, 10.95
462802, 10.99
462807, 11.03
462812, 11.01
462817, 10.99
462822, 10.98
462827, 10.96
462832, 10.95
462837, 10.99
462842, 11.02
462847, 11.01
462852, 10.99
462857, 10.97
462862, 10.96
462867, 10.94
462872, 10.98
462877, 11.02
462882, 11.00
462887, 10.99
462892, 10.97
462897, 10.96
462902, 10.94
462907, 10.93
462912, 10.97
462917, 11.01
462922, 10.99
462927, 10.97
462932, 10.96
462937, 10.94
462942, 10.98
462947, 11.02
462952, 11.00
462957, 10.99
462962, 10.97
462967, 11.01
462972, 11.05
462977, 11.03
462982, 11.01
462987, 10.99
462992, 10.98
462997, 10.96
463002, 11.00
463007, 11.04
463012, 11.02
463017, 11.00
463022, 10.99
463027, 10.97
463032, 11.01
463037, 11.05
463042, 11.03
463047, 11.01
463052, 11.00
463057, 10.98
463062, 10.96
463067, 11.00
463072, 11.04
463077, 11.02
463082, 11.01
463087, 10.99
463092, 10.97
463097, 11.01
463102, 11.05
463107, 11.03
463112, 11.01
463117, 11.00
463122, 11.04
463127, 11.07
463132, 11.05
463137, 11.04
463142, 11.02
463147, 11.00
463152, 10.98
463157, 11.02
463162, 11.06
463167, 11.04
463172, 11.02
463177, 11.01
463182, 10.99
463187, 11.03
463192, 11.06
463197, 11.05
463202, 11.03
463207, 11.01
463212, 10.99
463217, 11.03
463222, 11.07
463227, 11.05
463232, 11.03
463237, 11.02
463242, 11.00
463247, 10.98
463252, 10.97
463257, 11.01
463262, 11.04
463267, 11.03
463272, 11.01
463277, 10.99
463282, 10.98
463287, 10.96
463292, 11.00
463297, 11.04
463302, 11.02
463307, 11.00
463312, 10.99
463317, 10.97
463322, 10.95
463327, 10.99
463332, 11.03
463337, 11.01
463342, 11.00
463347, 10.98
463352, 10.97
463357, 11.00
463362, 11.04
463367, 11.02
463372, 11.01
463377, 10.99
463382, 10.97
463387, 11.01
463392, 11.05
463397, 11.03
463402, 11.01
463407, 11.00
463412, 10.98
463417, 10.97
463422, 10.95
463427, 10.99
463432, 11.03
463437, 11.01
463442, 10.99
463447, 10.98
463452, 10.96
463457, 10.95
463462, 10.99
463467, 11.02
463472, 11.01
463477, 10.99
463482, 10.97
463487, 10.96
463492, 10.94
463497, 10.98
463502, 11.02
463507, 11.00
463512, 10.99
463517, 10.97
463522, 10.96
463527, 10.94
463532, 10.98
463537, 11.02
463542, 11.00
463547, 10.99
463552, 10.97
463557, 10.95
463562, 10.94
463567, 10.98
463572, 11.02
463577, 11.00
463582, 10.98
463587, 10.97
463592, 10.95
463597, 10.94
463602, 10.98
463607, 11.02
463612, 11.00
463617, 10.98
463622, 10.97
463627, 11.01
463632, 11.04
463637, 11.03
463642, 11.01
463647, 10.99
463652, 11.03
463657, 11.01
463662, 11.00
463667, 11.03
463672, 11.02
463677, 11.00
463682, 10.98
463687, 11.02
463692, 11.06
463697, 11.04
463702, 11.02
463707, 11.01
463712, 10.99
463717, 10.97
463722, 11.01
463727, 11.05
463732, 11.03
463737, 11.01
463742, 11.00
463747, 10.98
463752, 10.96
463757, 11.00
463762, 11.04
463767, 11.02
463772, 11.01
463777, 10.99
463782, 10.97
463787, 10.96
463792, 11.00
463797, 11.04
463802, 11.02
463807, 11.00
463812, 10.98
463817, 11.02
463822, 11.06
463827, 11.04
463832, 11.02
463837, 11.01
463842, 11.04
463847, 11.08
463852, 11.06
463857, 11.04
463862, 11.03
463867, 11.01
463872, 10.99
463877, 11.03
463882, 11.07
463887, 11.05
463892, 11.03
463897, 11.01
463902, 11.00
463907, 10.98
463912, 11.02
463917, 11.06
463922, 11.04
463927, 11.02
463932, 11.00
463937, 10.99
463942, 10.97
463947, 10.96
463952, 10.99
463957, 11.03
463962, 11.01
463967, 11.00
463972, 10.98
463977, 10.97
463982, 10.95
463987, 10.99
463992, 11.03
463997, 11.01
464002, 10.99
464007, 10.98
464012, 10.96
464017, 10.95
464022, 10.99
464027, 11.02
464032, 11.01
464037, 10.99
464042, 10.97
464047, 10.96
464052, 10.94
464057, 10.98
464062, 11.02
464067, 11.00
464072, 10.99
464077, 10.97
464082, 10.96
464087, 10.94
464092, 10.93
464097, 10.97
464102, 11.01
464107, 10.99
464112, 10.97
464117, 10.96
464122, 10.94
464127, 10.93
464132, 10.97
464137, 11.01
464142, 10.99
464147, 10.97
464152, 10.96
464157, 11.00
464162, 11.04
464167, 11.02
464172, 11.00
464177, 10.98
464182, 10.97
464187, 11.01
464192, 11.04
464197, 11.03
464202, 11.01
464207, 10.99
464212, 10.98
464217, 10.96
464222, 11.00
464227, 11.04
464232, 11.02
464237, 11.00
464242, 10.99
464247, 10.97
464252, 11.01
464257, 11.05
464262, 11.03
464267, 11.01
464272, 11.00
464277, 10.98
464282, 10.96
464287, 11.00
464292, 11.04
464297, 11.02
464302, 11.01
464307, 10.99
464312, 10.97
464317, 10.96
464322, 11.00
464327, 11.03
464332, 11.02
464337, 11.00
464342, 10.98
464347, 10.97
464352, 11.01
464357, 11.04
464362, 11.03
464367, 11.01
464372, 10.99
464377, 11.03
464382, 11.07
464387, 11.05
464392, 11.03
464397, 11.01
464402, 11.00
464407, 11.03
464412, 11.07
464417, 11.05
464422, 11.03
464427, 11.02
464432, 11.00
464437, 10.98
464442, 11.02
464447, 11.06
464452, 11.04
464457, 11.02
464462, 11.01
464467, 10.99
464472, 10.97
464477, 11.01
464482, 11.05
464487, 11.03
464492, 11.01
464497, 11.00
464502, 10.98
464507, 10.97
464512, 11.00
464517, 11.04
464522, 11.02
464527, 11.01
464532, 10.99
464537, 10.97
464542, 10.96
464547, 11.00
464552, 11.04
464557, 11.02
464562, 11.00
464567, 10.98
464572, 11.02
464577, 11.06
464582, 11.04
464587, 11.02
464592, 11.01
464597, 10.99
464602, 10.97
464607, 11.01
464612, 11.05
464617, 11.03
464622, 11.01
464627, 11.00
464632, 10.98
464637, 10.97
464642, 11.00
464647, 11.04
464652, 11.02
464657, 11.01
464662, 10.99
464667, 10.97
464672, 10.96
464677, 10.94
464682, 10.98
464687, 11.02
464692, 11.00
464697, 10.99
464702, 10.97
464707, 10.96
464712, 10.94
464717, 10.98
464722, 11.02
464727, 11.00
464732, 10.99
464737, 10.97
464742, 10.95
464747, 10.94
464752, 10.98
464757, 11.02
464762, 11.00
464767, 10.98
464772, 10.97
464777, 10.95
464782, 10.94
464787, 10.92
464792, 10.96
464797, 11.00
464802, 10.99
464807, 10.97
464812, 10.96
464817, 10.94
464822, 10.93
464827, 10.97
464832, 11.00
464837, 10.99
464842, 10.97
464847, 10.96
464852, 10.94
464857, 10.98
464862, 11.02
464867, 11.00
464872, 10.99
464877, 10.97
464882, 10.95
464887, 10.99
464892, 11.03
464897, 11.01
464902, 11.00
464907, 10.98
464912, 11.02
464917, 11.06
464922, 11.04
464927, 11.02
464932, 11.00
464937, 10.99
464942, 10.97
464947, 11.01
464952, 11.05
464957, 11.03
464962, 11.01
464967, 11.00
464972, 10.98
464977, 11.02
464982, 11.05
464987, 11.04
464992, 11.02
464997, 11.00
465002, 10.99
465007, 10.97
465012, 11.01
465017, 11.05
465022, 11.03
465027, 11.01
465032, 10.99
465037, 10.98
465042, 11.02
465047, 11.05
465052, 11.04
465057, 11.02
465062, 11.00
465067, 10.98
465072, 10.97
465077, 11.01
465082, 11.05
465087, 11.03
465092, 11.01
465097, 10.99
465102, 11.03
465107, 11.07
465112, 11.05
465117, 11.03
465122, 11.01
465127, 11.00
465132, 11.04
465137, 11.07
465142, 11.05
465147, 11.04
465152, 11.02
465157, 11.00
465162, 10.98
465167, 11.02
465172, 11.06
465177, 11.04
465182, 11.02
465187, 11.01
465192, 10.99
465197, 10.97
465202, 11.01
465207, 11.05
465212, 11.03
465217, 11.01
465222, 11.00
465227, 10.98
465232, 10.97
465237, 11.00
465242, 11.04
465247, 11.02
465252, 11.01
465257, 10.99
465262, 10.97
465267, 10.96
465272, 10.94
465277, 10.98
465282, 11.02
465287, 11.00
465292, 10.99
465297, 10.97
465302, 10.96
465307, 10.94
465312, 10.98
465317, 11.02
465322, 11.00
465327, 10.99
465332, 10.97
465337, 10.95
465342, 10.94
465347, 10.98
465352, 11.02
465357, 11.00
465362, 10.98
465367, 10.97
465372, 10.95
465377, 10.94
465382, 10.98
465387, 11.02
465392, 11.00
465397, 10.98
465402, 10.97
465407, 11.01
465412, 11.04
465417, 11.03
465422, 11.01
465427, 10.99
465432, 10.98
465437, 10.96
465442, 11.00
465447, 11.04
465452, 11.02
465457, 11.00
465462, 10.99
465467, 10.97
465472, 10.95
465477, 10.99
465482, 11.03
465487, 11.01
465492, 11.00
465497, 10.98
465502, 10.97
465507, 10.95
465512, 10.99
465517, 11.03
465522, 11.01
465527, 10.99
465532, 10.98
465537, 10.96
465542, 10.95
465547, 10.99
465552, 11.02
465557, 11.01
465562, 10.99
465567, 10.97
465572, 10.96
465577, 10.94
465582, 10.98
465587, 11.02
465592, 11.00
465597, 10.99
465602, 10.97
465607, 10.96
465612, 11.00
465617, 11.03
465622, 11.02
465627, 11.00
465632, 10.98
465637, 11.02
465642, 11.06
465647, 11.04
465652, 11.02
465657, 11.01
465662, 10.99
465667, 11.03
465672, 11.06
465677, 11.05
465682, 11.03
465687, 11.01
465692, 10.99
465697, 10.98
465702, 11.02
465707, 11.05
465712, 11.04
465717, 11.02
465722, 11.00
465727, 10.98
465732, 10.97
465737, 11.01
465742, 11.04
465747, 11.03
465752, 11.01
465757, 10.99
465762, 10.98
465767, 11.02
465772, 11.05
465777, 11.03
465782, 11.02
465787, 11.00
465792, 10.98
465797, 11.02
465802, 11.06
465807, 11.04
465812, 11.02
465817, 11.01
465822, 11.04
465827, 11.08
465832, 11.06
465837, 11.04
465842, 11.03
465847, 11.01
465852, 10.99
465857, 11.03
465862, 11.07
465867, 11.05
465872, 11.03
465877, 11.01
465882, 11.00
465887, 10.98
465892, 10.96
465897, 11.00
465902, 11.04
465907, 11.02
465912, 11.01
465917, 10.99
465922, 10.97
465927, 10.96
465932, 10.94
465937, 10.98
465942, 11.02
465947, 11.00
465952, 10.99
465957, 10.97
465962, 10.96
465967, 10.94
465972, 10.98
465977, 11.02
465982, 11.00
465987, 10.99
465992, 10.97
465997, 10.95
466002, 10.94
466007, 10.98
466012, 11.02
466017, 11.00
466022, 10.98
466027, 10.97
466032, 10.95
466037, 10.94
466042, 10.98
466047, 11.02
466052, 11.00
466057, 10.98
466062, 10.97
466067, 10.95
466072, 10.94
466077, 10.98
466082, 11.01
466087, 11.00
466092, 10.98
466097, 10.97
466102, 10.95
466107, 10.94
466112, 10.98
466117, 11.01
466122, 11.00
466127, 10.98
466132, 10.97
466137, 10.95
466142, 10.93
466147, 10.97
466152, 11.01
466157, 11.00
466162, 10.98
466167, 10.96
466172, 11.00
466177, 11.04
466182, 11.02
466187, 11.01
466192, 10.99
466197, 11.03
466202, 11.06
466207, 11.05
466212, 11.03
466217, 11.01
466222, 10.99
466227, 10.98
466232, 11.02
466237, 11.05
466242, 11.04
466247, 11.02
466252, 11.00
466257, 10.98
466262, 10.97
466267, 11.01
466272, 11.05
466277, 11.03
466282, 11.01
466287, 10.99
466292, 10.98
466297, 10.96
466302, 11.00
466307, 11.04
466312, 11.02
466317, 11.00
466322, 10.99
466327, 11.03
466332, 11.06
466337, 11.04
466342, 11.03
466347, 11.01
466352, 11.05
466357, 11.08
466362, 11.06
466367, 11.05
466372, 11.03
466377, 11.01
466382, 10.99
466387, 11.03
466392, 11.07
466397, 11.05
466402, 11.03
466407, 11.01
466412, 11.00
466417, 10.98
466422, 10.97
466427, 11.00
466432, 11.04
466437, 11.02
466442, 11.01
466447, 10.99
466452, 10.97
466457, 11.01
466462, 11.05
466467, 11.03
466472, 11.02
466477, 11.00
466482, 10.98
466487, 10.97
466492, 11.01
466497, 11.04
466502, 11.02
466507, 11.01
466512, 10.99
466517, 10.98
466522, 10.96
466527, 10.94
466532, 10.98
466537, 11.02
466542, 11.01
466547, 10.99
466552, 10.97
466557, 10.96
466562, 10.94
466567, 10.98
466572, 11.02
466577, 11.00
466582, 10.99
466587, 10.97
466592, 10.96
466597, 10.99
466602, 10.98
466607, 10.96
466612, 11.00
466617, 10.98
466622, 10.97
466627, 10.95
466632, 10.94
466637, 10.92
466642, 10.96
466647, 11.00
466652, 10.99
466657, 10.97
466662, 10.96
466667, 10.99
466672, 11.03
466677, 11.01
466682, 11.00
466687, 10.98
466692, 10.97
466697, 10.95
466702, 10.99
466707, 11.03
466712, 11.01
466717, 10.99
466722, 10.98
466727, 10.96
466732, 10.95
466737, 10.99
466742, 11.02
466747, 11.01
466752, 10.99
466757, 10.97
466762, 10.96
466767, 11.00
466772, 11.04
466777, 11.02
466782, 11.00
466787, 10.99
466792, 10.97
466797, 11.01
466802, 11.05
466807, 11.03
466812, 11.01
466817, 10.99
466822, 10.98
466827, 10.96
466832, 11.00
466837, 11.04
466842, 11.02
466847, 11.00
466852, 10.99
466857, 10.97
466862, 10.96
466867, 11.00
466872, 11.03
466877, 11.02
466882, 11.00
466887, 10.98
466892, 11.02
466897, 11.06
466902, 11.04
466907, 11.02
466912, 11.00
466917, 10.99
466922, 10.97
466927, 11.01
466932, 11.05
466937, 11.03
466942, 11.01
466947, 11.00
466952, 10.98
466957, 11.02
466962, 11.06
466967, 11.04
466972, 11.02
466977, 11.00
466982, 10.99
466987, 11.02
466992, 11.06
466997, 11.04
467002, 11.03
467007, 11.01
467012, 10.99
467017, 10.98
467022, 11.01
467027, 11.05
467032, 11.03
467037, 11.02
467042, 11.00
467047, 10.98
467052, 10.97
467057, 11.01
467062, 11.04
467067, 11.03
467072, 11.01
467077, 10.99
467082, 11.03
467087, 11.07
467092, 11.05
467097, 11.03
467102, 11.01
467107, 11.00
467112, 10.98
467117, 11.02
467122, 11.06
467127, 11.04
467132, 11.02
467137, 11.00
467142, 10.99
467147, 10.97
467152, 11.01
467157, 11.05
467162, 11.03
467167, 11.01
467172, 10.99
467177, 10.98
467182, 10.96
467187, 11.00
467192, 11.04
467197, 11.02
467202, 11.00
467207, 10.99
467212, 10.97
467217, 10.96
467222, 10.94
467227, 10.93
467232, 10.97
467237, 11.01
467242, 10.99
467247, 10.97
467252, 10.96
467257, 10.94
467262, 10.93
467267, 10.97
467272, 11.01
467277, 10.99
467282, 10.97
467287, 10.96
467292, 10.94
467297, 10.93
467302, 10.97
467307, 11.01
467312, 10.99
467317, 10.97
467322, 10.96
467327, 10.94
467332, 10.93
467337, 10.97
467342, 11.01
467347, 10.99
467352, 10.98
467357, 10.96
467362, 10.94
467367, 10.93
467372, 10.97
467377, 11.01
467382, 10.99
467387, 10.98
467392, 10.96
467397, 10.95
467402, 10.98
467407, 11.02
467412, 11.01
467417, 10.99
467422, 10.97
467427, 10.96
467432, 11.00
467437, 11.03
467442, 11.02
467447, 11.00
467452, 10.98
467457, 11.02
467462, 11.06
467467, 11.04
467472, 11.02
467477, 11.01
467482, 10.99
467487, 10.97
467492, 11.01
467497, 11.05
467502, 11.03
467507, 11.01
467512, 11.00
467517, 10.98
467522, 10.97
467527, 11.00
467532, 11.04
467537, 11.02
467542, 11.01
467547, 10.99
467552, 10.97
467557, 10.96
467562, 11.00
467567, 11.04
467572, 11.02
467577, 11.00
467582, 10.98
467587, 11.02
467592, 11.06
467597, 11.04
467602, 11.02
467607, 11.01
467612, 11.04
467617, 11.08
467622, 11.06
467627, 11.04
467632, 11.03
467637, 11.01
467642, 10.99
467647, 11.03
467652, 11.07
467657, 11.05
467662, 11.03
467667, 11.01
467672, 11.00
467677, 10.98
467682, 11.02
467687, 11.06
467692, 11.04
467697, 11.02
467702, 11.00
467707, 10.99
467712, 10.97
467717, 11.01
467722, 11.05
467727, 11.03
467732, 11.01
467737, 11.00
467742, 10.98
467747, 10.96
467752, 11.00
467757, 11.04
467762, 11.02
467767, 11.00
467772, 10.99
467777, 10.97
467782, 10.96
467787, 11.00
467792, 11.03
467797, 11.02
467802, 11.00
467807, 10.98
467812, 10.97
467817, 10.95
467822, 10.99
467827, 11.03
467832, 11.01
467837, 11.00
467842, 10.98
467847, 10.96
467852, 10.95
467857, 10.99
467862, 11.03
467867, 11.01
467872, 10.99
467877, 10.98
467882, 11.01
467887, 11.05
467892, 11.03
467897, 11.02
467902, 11.00
467907, 10.98
467912, 10.97
467917, 11.01
467922, 11.04
467927, 11.03
467932, 11.01
467937, 10.99
467942, 10.98
467947, 10.96
467952, 10.95
467957, 10.98
467962, 11.02
467967, 11.01
467972, 10.99
467977, 10.97
467982, 10.96
467987, 11.00
467992, 11.03
467997, 11.02
468002, 11.00
468007, 10.98
468012, 10.97
468017, 10.95
468022, 10.94
468027, 10.98
468032, 11.02
468037, 11.00
468042, 10.98
468047, 10.97
468052, 10.95
468057, 10.99
468062, 11.03
468067, 11.01
468072, 10.99
468077, 10.98
468082, 10.96
468087, 10.95
468092, 10.99
468097, 11.02
468102, 11.01
468107, 10.99
468112, 10.98
468117, 10.96
468122, 10.94
468127, 10.98
468132, 11.02
468137, 11.01
468142, 10.99
468147, 10.97
468152, 11.01
468157, 11.05
468162, 11.03
468167, 11.01
468172, 11.00
468177, 11.03
468182, 11.07
468187, 11.05
468192, 11.03
468197, 11.02
468202, 11.00
468207, 10.98
