226837, 0.00
226842, 0.00
226847, 0.00
226852, 0.05
226857, 0.16
226862, 0.21
226867, 0.26
226872, 0.36
226877, 0.45
226882, 0.55
226887, 0.69
226892, 0.83
226897, 0.92
226902, 1.00
226907, 1.07
226912, 1.15
226917, 1.27
226922, 1.40
226927, 1.46
226932, 1.52
226937, 1.58
226942, 1.64
226947, 1.75
226952, 1.86
226957, 1.91
226962, 1.96
226967, 2.01
226972, 2.11
226977, 2.21
226982, 2.25
226987, 2.28
226992, 2.32
226997, 2.36
227002, 2.39
227007, 2.48
227012, 2.57
227017, 2.59
227022, 2.62
227027, 2.65
227032, 2.73
227037, 2.81
227042, 2.83
227047, 2.85
227052, 2.87
227057, 2.94
227062, 3.01
227067, 3.03
227072, 3.04
227077, 3.06
227082, 3.12
227087, 3.19
227092, 3.20
227097, 3.21
227102, 3.22
227107, 3.22
227112, 3.29
227117, 3.35
227122, 3.35
227127, 3.36
227132, 3.36
227137, 3.42
227142, 3.47
227147, 3.47
227152, 3.47
227157, 3.53
227162, 3.58
227167, 3.58
227172, 3.58
227177, 3.57
227182, 3.57
227187, 3.57
227192, 3.62
227197, 3.67
227202, 3.66
227207, 3.66
227212, 3.65
227217, 3.70
227222, 3.75
227227, 3.74
227232, 3.73
227237, 3.73
227242, 3.77
227247, 3.82
227252, 3.81
227257, 3.80
227262, 3.79
227267, 3.83
227272, 3.88
227277, 3.87
227282, 3.85
227287, 3.84
227292, 3.83
227297, 3.82
227302, 3.87
227307, 3.91
227312, 3.89
227317, 3.88
227322, 3.87
227327, 3.91
227332, 3.95
227337, 3.94
227342, 3.92
227347, 3.91
227352, 3.95
227357, 3.99
227362, 3.98
227367, 3.96
227372, 3.95
227377, 3.99
227382, 4.03
227387, 4.01
227392, 3.99
227397, 3.98
227402, 3.96
227407, 3.95
227412, 3.99
227417, 4.03
227422, 4.01
227427, 3.99
227432, 3.98
227437, 4.02
227442, 4.05
227447, 4.04
227452, 4.02
227457, 4.00
227462, 4.04
227467, 4.08
227472, 4.06
227477, 4.04
227482, 4.03
227487, 4.01
227492, 3.99
227497, 4.03
227502, 4.07
227507, 4.05
227512, 4.03
227517, 4.02
227522, 4.00
227527, 3.99
227532, 4.02
227537, 4.06
227542, 4.04
227547, 4.03
227552, 4.01
227557, 4.05
227562, 4.08
227567, 4.07
227572, 4.05
227577, 4.03
227582, 4.01
227587, 4.00
227592, 4.04
227597, 4.07
227602, 4.06
227607, 4.04
227612, 4.02
227617, 4.00
227622, 3.99
227627, 4.03
227632, 4.06
227637, 4.05
227642, 4.03
227647, 4.01
227652, 4.05
227657, 4.09
227662, 4.07
227667, 4.05
227672, 4.03
227677, 4.02
227682, 4.00
227687, 4.04
227692, 4.08
227697, 4.06
227702, 4.04
227707, 4.02
227712, 4.01
227717, 3.99
227722, 4.03
227727, 4.07
227732, 4.05
227737, 4.03
227742, 4.01
227747, 4.00
227752, 4.04
227757, 4.07
227762, 4.06
227767, 4.04
227772, 4.02
227777, 4.01
227782, 4.04
227787, 4.08
227792, 4.06
227797, 4.04
227802, 4.03
227807, 4.01
227812, 3.99
227817, 3.98
227822, 3.96
227827, 4.00
227832, 4.04
227837, 4.02
227842, 4.01
227847, 3.99
227852, 4.03
227857, 4.07
227862, 4.05
227867, 4.03
227872, 4.02
227877, 4.00
227882, 3.98
227887, 4.02
227892, 4.06
227897, 4.04
227902, 4.03
227907, 4.01
227912, 3.99
227917, 3.98
227922, 3.96
227927, 3.95
227932, 3.99
227937, 4.03
227942, 4.01
227947, 3.99
227952, 3.98
227957, 4.02
227962, 4.05
227967, 4.04
227972, 4.02
227977, 4.00
227982, 3.99
227987, 3.97
227992, 4.01
227997, 4.05
228002, 4.03
228007, 4.02
228012, 4.00
228017, 3.98
228022, 3.97
228027, 3.95
228032, 3.99
228037, 4.03
228042, 4.01
228047, 4.00
228052, 3.98
228057, 3.97
228062, 4.01
228067, 4.04
228072, 4.03
228077, 4.01
228082, 4.00
228087, 3.98
228092, 3.96
228097, 4.00
228102, 4.04
228107, 4.02
228112, 4.01
228117, 3.99
228122, 3.98
228127, 3.96
228132, 3.95
228137, 3.99
228142, 4.03
228147, 4.01
228152, 3.99
228157, 3.98
228162, 3.96
228167, 4.00
228172, 4.04
228177, 4.02
228182, 4.01
228187, 3.99
228192, 4.03
228197, 4.07
228202, 4.05
228207, 4.03
228212, 4.01
228217, 4.00
228222, 3.98
228227, 3.97
228232, 3.95
228237, 3.99
228242, 4.03
228247, 4.01
228252, 4.00
228257, 3.98
228262, 4.02
228267, 4.06
228272, 4.04
228277, 4.02
228282, 4.01
228287, 3.99
228292, 3.98
228297, 4.02
228302, 4.05
228307, 4.04
228312, 4.02
228317, 4.00
228322, 3.99
228327, 3.97
228332, 3.96
228337, 4.00
228342, 4.03
228347, 4.02
228352, 4.00
228357, 3.99
228362, 3.97
228367, 4.01
228372, 4.05
228377, 4.03
228382, 4.01
228387, 4.00
228392, 3.98
228397, 3.97
228402, 4.01
228407, 4.04
228412, 4.03
228417, 4.01
228422, 3.99
228427, 3.98
228432, 3.96
228437, 4.00
228442, 4.04
228447, 4.02
228452, 4.01
228457, 3.99
228462, 3.98
228467, 3.96
228472, 4.00
228477, 4.04
228482, 4.02
228487, 4.01
228492, 3.99
228497, 3.97
228502, 3.96
228507, 4.00
228512, 4.04
228517, 4.02
228522, 4.00
228527, 3.99
228532, 3.97
228537, 3.96
228542, 4.00
228547, 4.04
228552, 4.02
228557, 4.00
228562, 3.99
228567, 3.97
228572, 3.96
228577, 4.00
228582, 4.03
228587, 4.02
228592, 4.00
228597, 3.99
228602, 3.97
228607, 3.95
228612, 3.99
228617, 4.03
228622, 4.02
228627, 4.00
228632, 3.98
228637, 3.97
228642, 3.95
228647, 3.99
228652, 4.03
228657, 4.02
228662, 4.00
228667, 3.98
228672, 3.97
228677, 3.95
228682, 3.99
228687, 4.03
228692, 4.01
228697, 4.00
228702, 3.98
228707, 3.97
228712, 4.01
228717, 4.04
228722, 4.03
228727, 4.01
228732, 4.00
228737, 3.98
228742, 3.96
228747, 3.95
228752, 3.99
228757, 4.03
228762, 4.01
228767, 4.00
228772, 3.98
228777, 3.96
228782, 4.00
228787, 4.04
228792, 4.02
228797, 4.01
228802, 3.99
228807, 3.98
228812, 4.02
228817, 4.05
228822, 4.04
228827, 4.02
228832, 4.00
228837, 3.99
228842, 3.97
228847, 4.01
228852, 4.05
228857, 4.03
228862, 4.01
228867, 4.00
228872, 3.98
228877, 3.97
228882, 4.01
228887, 4.04
228892, 4.03
228897, 4.01
228902, 4.00
228907, 3.98
228912, 3.96
228917, 4.00
228922, 4.04
228927, 4.02
228932, 4.01
228937, 3.99
228942, 3.98
228947, 3.96
228952, 4.00
228957, 4.04
228962, 4.02
228967, 4.01
228972, 3.99
228977, 3.97
228982, 3.96
228987, 4.00
228992, 4.04
228997, 4.02
229002, 4.00
229007, 3.99
229012, 4.03
229017, 4.06
229022, 4.05
229027, 4.03
229032, 4.01
229037, 4.00
229042, 3.98
229047, 4.02
229052, 4.06
229057, 4.04
229062, 4.02
229067, 4.01
229072, 3.99
229077, 3.97
229082, 3.96
229087, 4.00
229092, 4.04
229097, 4.02
229102, 4.00
229107, 3.99
229112, 3.97
229117, 4.01
229122, 4.05
229127, 4.03
229132, 4.02
229137, 4.00
229142, 3.98
229147, 3.97
229152, 4.01
229157, 4.05
229162, 4.03
229167, 4.01
229172, 4.00
229177, 3.98
229182, 3.97
229187, 3.95
229192, 3.94
229197, 3.98
229202, 4.02
229207, 4.00
229212, 3.98
229217, 3.97
229222, 4.01
229227, 4.05
229232, 4.03
229237, 4.01
229242, 4.00
229247, 3.98
229252, 3.96
229257, 3.95
229262, 3.94
229267, 3.98
229272, 4.02
229277, 4.00
229282, 3.98
229287, 3.97
229292, 3.95
229297, 3.94
229302, 3.98
229307, 4.02
229312, 4.00
229317, 3.99
229322, 3.97
229327, 4.01
229332, 4.05
229337, 4.03
229342, 4.01
229347, 4.00
229352, 3.98
229357, 3.97
229362, 4.01
229367, 4.04
229372, 4.03
229377, 4.01
229382, 3.99
229387, 3.98
229392, 3.96
229397, 3.95
229402, 3.93
229407, 3.97
229412, 4.01
229417, 4.00
229422, 3.98
229427, 3.97
229432, 4.01
229437, 4.04
229442, 4.03
229447, 4.01
229452, 3.99
229457, 3.98
229462, 3.96
229467, 4.00
229472, 4.04
229477, 4.02
229482, 4.01
229487, 3.99
229492, 3.98
229497, 3.96
229502, 4.00
229507, 4.04
229512, 4.02
229517, 4.01
229522, 3.99
229527, 3.97
229532, 4.01
229537, 4.05
229542, 4.03
229547, 4.02
229552, 4.00
229557, 3.98
229562, 4.02
229567, 4.06
229572, 4.04
229577, 4.03
229582, 4.01
229587, 3.99
229592, 3.98
229597, 3.96
229602, 3.95
229607, 3.99
229612, 4.03
229617, 4.01
229622, 3.99
229627, 3.98
229632, 4.02
229637, 4.06
229642, 4.04
229647, 4.02
229652, 4.00
229657, 3.99
229662, 3.97
229667, 4.01
229672, 4.05
229677, 4.03
229682, 4.02
229687, 4.00
229692, 3.98
229697, 3.97
229702, 3.95
229707, 3.94
229712, 3.98
229717, 4.02
229722, 4.00
229727, 3.99
229732, 3.97
229737, 3.96
229742, 4.00
229747, 4.03
229752, 4.02
229757, 4.00
229762, 3.99
229767, 3.97
229772, 4.01
229777, 4.05
229782, 4.03
229787, 4.01
229792, 4.00
229797, 3.98
229802, 3.97
229807, 3.95
229812, 3.99
229817, 4.03
229822, 4.01
229827, 4.00
229832, 3.98
229837, 3.97
229842, 4.01
229847, 4.04
229852, 4.03
229857, 4.01
229862, 3.99
229867, 3.98
229872, 4.02
229877, 4.05
229882, 4.04
229887, 4.02
229892, 4.00
229897, 3.99
229902, 3.97
229907, 3.96
229912, 4.00
229917, 4.04
229922, 4.02
229927, 4.00
229932, 3.99
229937, 3.97
229942, 3.96
229947, 4.00
229952, 4.03
229957, 4.02
229962, 4.00
229967, 3.99
229972, 4.02
229977, 4.06
229982, 4.04
229987, 4.03
229992, 4.01
229997, 3.99
230002, 3.98
230007, 3.96
230012, 3.95
230017, 3.93
230022, 3.97
230027, 4.01
230032, 4.00
230037, 3.98
230042, 3.97
230047, 3.95
230052, 3.99
230057, 4.03
230062, 4.01
230067, 4.00
230072, 3.98
230077, 3.97
230082, 4.01
230087, 4.04
230092, 4.03
230097, 4.01
230102, 3.99
230107, 3.98
230112, 3.96
230117, 3.95
230122, 3.99
230127, 4.03
230132, 4.01
230137, 3.99
230142, 3.98
230147, 3.96
230152, 4.00
230157, 4.04
230162, 4.02
230167, 4.01
230172, 3.99
230177, 3.98
230182, 4.02
230187, 4.05
230192, 4.04
230197, 4.02
230202, 4.00
230207, 3.99
230212, 3.97
230217, 4.01
230222, 4.05
230227, 4.03
230232, 4.01
230237, 4.00
230242, 3.98
230247, 3.97
230252, 4.01
230257, 4.04
230262, 4.03
230267, 4.01
230272, 3.99
230277, 3.98
230282, 4.02
230287, 4.06
230292, 4.04
230297, 4.02
230302, 4.00
230307, 3.99
230312, 3.97
230317, 3.96
230322, 4.00
230327, 4.04
230332, 4.02
230337, 4.00
230342, 3.99
230347, 3.97
230352, 3.96
230357, 4.00
230362, 4.03
230367, 4.02
230372, 4.00
230377, 3.99
230382, 3.97
230387, 4.01
230392, 4.05
230397, 4.03
230402, 4.01
230407, 4.00
230412, 3.98
230417, 3.97
230422, 3.95
230427, 3.99
230432, 4.03
230437, 4.01
230442, 4.00
230447, 3.98
230452, 3.97
230457, 3.95
230462, 3.99
230467, 4.03
230472, 4.01
230477, 4.00
230482, 3.98
230487, 3.97
230492, 4.01
230497, 4.04
230502, 4.03
230507, 4.01
230512, 3.99
230517, 3.98
230522, 3.96
230527, 3.95
230532, 3.99
230537, 4.03
230542, 4.01
230547, 3.99
230552, 3.98
230557, 3.96
230562, 4.00
230567, 4.04
230572, 4.02
230577, 4.01
230582, 3.99
230587, 3.98
230592, 4.02
230597, 4.05
230602, 4.04
230607, 4.02
230612, 4.00
230617, 3.99
230622, 3.97
230627, 4.01
230632, 4.05
230637, 4.03
230642, 4.01
230647, 4.00
230652, 3.98
230657, 3.97
230662, 4.01
230667, 4.04
230672, 4.03
230677, 4.01
230682, 3.99
230687, 3.98
230692, 4.02
230697, 4.06
230702, 4.04
230707, 4.02
230712, 4.00
230717, 3.99
230722, 3.97
230727, 3.96
230732, 4.00
230737, 4.04
230742, 4.02
230747, 4.00
230752, 3.99
230757, 3.97
230762, 3.96
230767, 4.00
230772, 4.03
230777, 4.02
230782, 4.00
230787, 3.99
230792, 4.02
230797, 4.06
230802, 4.04
230807, 4.03
230812, 4.01
230817, 3.99
230822, 3.98
230827, 3.96
230832, 3.95
230837, 3.99
230842, 4.03
230847, 4.01
230852, 3.99
230857, 3.98
230862, 3.96
230867, 3.95
230872, 3.99
230877, 4.03
230882, 4.01
230887, 4.00
230892, 3.98
230897, 4.02
230902, 4.06
230907, 4.04
230912, 4.02
230917, 4.01
230922, 3.99
230927, 3.97
230932, 3.96
230937, 3.94
230942, 3.98
230947, 4.02
230952, 4.01
230957, 3.99
230962, 3.98
230967, 3.96
230972, 3.95
230977, 3.99
230982, 4.02
230987, 4.01
230992, 3.99
230997, 3.98
231002, 4.02
231007, 4.05
231012, 4.04
231017, 4.02
231022, 4.00
231027, 3.99
231032, 3.97
231037, 3.96
231042, 4.00
231047, 4.03
231052, 4.02
231057, 4.00
231062, 3.99
231067, 3.97
231072, 3.96
231077, 3.94
231082, 3.98
231087, 4.02
231092, 4.00
231097, 3.99
231102, 3.97
231107, 4.01
231112, 4.05
231117, 4.03
231122, 4.02
231127, 4.00
231132, 3.98
231137, 3.97
231142, 3.95
231147, 3.99
231152, 4.03
231157, 4.01
231162, 4.00
231167, 3.98
231172, 3.97
231177, 3.95
231182, 3.94
231187, 3.98
231192, 4.02
231197, 4.00
231202, 3.99
231207, 3.97
231212, 3.96
231217, 3.99
231222, 4.03
231227, 4.02
231232, 4.00
231237, 3.98
231242, 3.97
231247, 3.95
231252, 3.94
231257, 3.98
231262, 4.02
231267, 4.00
231272, 3.99
231277, 3.97
231282, 3.96
231287, 3.94
231292, 3.98
231297, 4.02
231302, 4.00
231307, 3.99
231312, 3.97
231317, 4.01
231322, 4.05
231327, 4.03
231332, 4.02
231337, 4.00
231342, 3.98
231347, 3.97
231352, 4.01
231357, 4.05
231362, 4.03
231367, 4.01
231372, 4.00
231377, 3.98
231382, 3.97
231387, 4.00
231392, 4.04
231397, 4.03
231402, 4.01
231407, 3.99
231412, 3.98
231417, 4.02
231422, 4.05
231427, 4.04
231432, 4.02
231437, 4.00
231442, 3.99
231447, 4.03
231452, 4.06
231457, 4.05
231462, 4.03
231467, 4.01
231472, 4.00
231477, 3.98
231482, 3.97
231487, 3.95
231492, 3.99
231497, 4.03
231502, 4.01
231507, 4.00
231512, 3.98
231517, 4.02
231522, 4.06
231527, 4.04
231532, 4.02
231537, 4.01
231542, 3.99
231547, 3.97
231552, 4.01
231557, 4.05
231562, 4.03
231567, 4.02
231572, 4.00
231577, 3.99
231582, 3.97
231587, 3.96
231592, 3.94
231597, 3.98
231602, 4.02
231607, 4.00
231612, 3.99
231617, 3.97
231622, 4.01
231627, 4.05
231632, 4.03
231637, 4.01
231642, 4.00
231647, 3.98
231652, 3.97
231657, 4.01
231662, 4.05
231667, 4.03
231672, 4.01
231677, 4.00
231682, 3.98
231687, 3.96
231692, 3.95
231697, 3.94
231702, 3.98
231707, 4.01
231712, 4.00
231717, 3.98
231722, 3.97
231727, 3.95
231732, 3.99
231737, 4.03
231742, 4.01
231747, 4.00
231752, 3.98
231757, 3.97
231762, 4.01
231767, 4.04
231772, 4.03
231777, 4.01
231782, 3.99
231787, 3.98
231792, 3.96
231797, 3.95
231802, 3.94
231807, 3.98
231812, 4.01
231817, 4.00
231822, 3.98
231827, 3.97
231832, 4.01
231837, 4.04
231842, 4.03
231847, 4.01
231852, 3.99
231857, 3.98
231862, 3.96
231867, 4.00
231872, 4.04
231877, 4.02
231882, 4.01
231887, 3.99
231892, 3.98
231897, 3.96
231902, 4.00
231907, 4.04
231912, 4.02
231917, 4.01
231922, 3.99
231927, 3.97
231932, 3.96
231937, 4.00
231942, 4.04
231947, 4.02
231952, 4.00
231957, 3.99
231962, 3.97
231967, 4.01
231972, 4.05
231977, 4.03
231982, 4.02
231987, 4.00
231992, 3.98
231997, 3.97
232002, 3.95
232007, 3.99
232012, 4.03
232017, 4.01
232022, 4.00
232027, 3.98
232032, 3.97
232037, 4.01
232042, 4.04
232047, 4.03
232052, 4.01
232057, 4.00
232062, 3.98
232067, 4.02
232072, 4.06
232077, 4.04
232082, 4.02
232087, 4.01
232092, 3.99
232097, 3.97
232102, 4.01
232107, 4.05
232112, 4.03
232117, 4.02
232122, 4.00
232127, 3.98
232132, 3.97
232137, 4.01
232142, 4.05
232147, 4.03
232152, 4.01
232157, 4.00
232162, 4.03
232167, 4.07
232172, 4.05
232177, 4.04
232182, 4.02
232187, 4.00
232192, 3.99
232197, 4.03
232202, 4.06
232207, 4.05
232212, 4.03
232217, 4.01
232222, 4.00
232227, 3.98
232232, 3.97
232237, 4.00
232242, 4.04
232247, 4.03
232252, 4.01
232257, 3.99
232262, 3.98
232267, 4.02
232272, 4.05
232277, 4.04
232282, 4.02
232287, 4.00
232292, 3.99
232297, 3.97
232302, 3.96
232307, 3.94
232312, 3.98
232317, 4.02
232322, 4.01
232327, 3.99
232332, 3.97
232337, 3.96
232342, 3.94
232347, 3.98
232352, 4.02
232357, 4.01
232362, 3.99
232367, 3.98
232372, 4.01
232377, 4.05
232382, 4.03
232387, 4.02
232392, 4.00
232397, 3.99
232402, 3.97
232407, 3.96
232412, 3.94
232417, 3.98
232422, 4.02
232427, 4.00
232432, 3.99
232437, 3.97
232442, 3.96
232447, 3.94
232452, 3.98
232457, 4.02
232462, 4.01
232467, 3.99
232472, 3.97
232477, 4.01
232482, 4.05
232487, 4.03
232492, 4.02
232497, 4.00
232502, 3.98
232507, 3.97
232512, 4.01
232517, 4.05
232522, 4.03
232527, 4.01
232532, 4.00
232537, 3.98
232542, 3.97
232547, 4.01
232552, 4.04
232557, 4.03
232562, 4.01
232567, 3.99
232572, 3.98
232577, 3.96
232582, 4.00
232587, 4.04
232592, 4.02
232597, 4.01
232602, 3.99
232607, 3.98
232612, 3.96
232617, 4.00
232622, 4.04
232627, 4.02
232632, 4.00
232637, 3.99
232642, 3.97
232647, 3.96
232652, 4.00
232657, 4.04
232662, 4.02
232667, 4.00
232672, 3.99
232677, 4.03
232682, 4.06
232687, 4.05
232692, 4.03
232697, 4.01
232702, 4.00
232707, 3.98
232712, 4.02
232717, 4.06
232722, 4.04
232727, 4.02
232732, 4.01
232737, 3.99
232742, 3.97
232747, 3.96
232752, 4.00
232757, 4.04
232762, 4.02
232767, 4.00
232772, 3.99
232777, 3.97
232782, 4.01
232787, 4.05
232792, 4.03
232797, 4.02
232802, 4.00
232807, 3.98
232812, 3.97
232817, 4.01
232822, 4.05
232827, 4.03
232832, 4.01
232837, 4.00
232842, 3.98
232847, 3.96
232852, 3.95
232857, 3.94
232862, 3.98
232867, 4.02
232872, 4.00
232877, 3.98
232882, 3.97
232887, 4.01
232892, 4.05
232897, 4.03
232902, 4.01
232907, 4.00
232912, 3.98
232917, 3.96
232922, 4.00
232927, 4.04
232932, 4.02
232937, 4.01
232942, 3.99
232947, 3.98
232952, 3.96
232957, 3.95
232962, 3.93
232967, 3.97
232972, 4.01
232977, 4.00
232982, 3.98
232987, 3.97
232992, 4.00
232997, 4.04
233002, 4.03
233007, 4.01
233012, 3.99
233017, 3.98
233022, 3.96
233027, 4.00
233032, 4.04
233037, 4.02
233042, 4.01
233047, 3.99
233052, 3.98
233057, 3.96
233062, 3.95
233067, 3.99
233072, 4.02
233077, 4.01
233082, 3.99
233087, 3.98
233092, 3.96
233097, 4.00
233102, 4.04
233107, 4.02
233112, 4.01
233117, 3.99
233122, 3.97
233127, 3.96
233132, 4.00
233137, 4.04
233142, 4.02
233147, 4.00
233152, 3.99
233157, 3.97
233162, 3.96
233167, 3.94
233172, 3.93
233177, 3.97
233182, 4.01
233187, 3.99
233192, 3.98
233197, 3.96
233202, 4.00
233207, 4.04
233212, 4.02
233217, 4.01
233222, 3.99
233227, 3.97
233232, 4.01
233237, 4.05
233242, 4.03
233247, 4.02
233252, 4.00
233257, 3.99
233262, 3.97
233267, 3.96
233272, 3.99
233277, 4.03
233282, 4.02
233287, 4.00
233292, 3.98
233297, 4.02
233302, 4.06
233307, 4.04
233312, 4.03
233317, 4.01
233322, 3.99
233327, 4.03
233332, 4.07
233337, 4.05
233342, 4.03
233347, 4.02
233352, 4.00
233357, 3.98
233362, 3.97
233367, 3.95
233372, 3.99
233377, 4.03
233382, 4.02
233387, 4.00
233392, 3.98
233397, 3.97
233402, 4.01
233407, 4.05
233412, 4.03
233417, 4.01
233422, 4.00
233427, 4.03
233432, 4.07
233437, 4.05
233442, 4.04
233447, 4.02
233452, 4.00
233457, 3.99
233462, 3.97
233467, 3.96
233472, 4.00
233477, 4.03
233482, 4.02
233487, 4.00
233492, 3.99
233497, 3.97
233502, 3.96
233507, 4.00
233512, 4.03
233517, 4.02
233522, 4.00
233527, 3.98
233532, 3.97
233537, 3.95
233542, 3.99
233547, 4.03
233552, 4.02
233557, 4.00
233562, 3.98
233567, 3.97
233572, 3.95
233577, 3.94
233582, 3.98
233587, 4.02
233592, 4.00
233597, 3.99
233602, 3.97
233607, 3.96
233612, 4.00
233617, 4.03
233622, 4.02
233627, 4.00
233632, 3.99
233637, 3.97
233642, 3.96
233647, 3.99
233652, 4.03
233657, 4.02
233662, 4.00
233667, 3.98
233672, 3.97
233677, 3.95
233682, 3.99
233687, 4.03
233692, 4.02
233697, 4.00
233702, 3.98
233707, 3.97
233712, 3.95
233717, 3.99
233722, 4.03
233727, 4.01
233732, 4.00
233737, 3.98
233742, 4.02
233747, 4.06
233752, 4.04
233757, 4.02
233762, 4.01
233767, 3.99
233772, 3.98
233777, 3.96
233782, 3.95
233787, 3.99
233792, 4.03
233797, 4.01
233802, 3.99
233807, 3.98
233812, 3.96
233817, 4.00
233822, 4.04
233827, 4.02
233832, 4.01
233837, 3.99
233842, 3.98
233847, 4.01
233852, 4.05
233857, 4.03
233862, 4.02
233867, 4.00
233872, 3.99
233877, 3.97
233882, 3.96
233887, 4.00
233892, 4.03
233897, 4.02
233902, 4.00
233907, 3.98
233912, 3.97
233917, 4.01
233922, 4.05
233927, 4.03
233932, 4.01
233937, 4.00
233942, 3.98
233947, 3.97
233952, 4.00
233957, 4.04
233962, 4.03
233967, 4.01
233972, 3.99
233977, 3.98
233982, 3.96
233987, 4.00
233992, 4.04
233997, 4.02
234002, 4.01
234007, 3.99
234012, 3.98
234017, 3.96
234022, 4.00
234027, 4.04
234032, 4.02
234037, 4.00
234042, 3.99
234047, 4.03
234052, 4.06
234057, 4.05
234062, 4.03
234067, 4.01
234072, 4.00
234077, 3.98
234082, 3.97
234087, 3.95
234092, 3.99
234097, 4.03
234102, 4.01
234107, 4.00
234112, 3.98
234117, 4.02
234122, 4.06
234127, 4.04
234132, 4.02
234137, 4.01
234142, 3.99
234147, 3.98
234152, 4.01
234157, 4.05
234162, 4.03
234167, 4.02
234172, 4.00
234177, 3.99
234182, 3.97
234187, 3.96
234192, 3.94
234197, 3.98
234202, 4.02
234207, 4.00
234212, 3.99
234217, 3.97
234222, 3.96
234227, 4.00
234232, 4.04
234237, 4.02
234242, 4.00
234247, 3.99
234252, 3.97
234257, 4.01
234262, 4.05
234267, 4.03
234272, 4.01
234277, 4.00
234282, 3.98
234287, 3.97
234292, 3.95
234297, 3.94
234302, 3.98
234307, 4.02
234312, 4.00
234317, 3.99
234322, 3.97
234327, 3.95
234332, 3.94
234337, 3.98
234342, 4.02
234347, 4.00
234352, 3.99
234357, 3.97
234362, 3.96
234367, 3.94
234372, 3.98
234377, 4.02
234382, 4.00
234387, 3.99
234392, 3.97
234397, 3.96
234402, 3.94
234407, 3.93
234412, 3.97
234417, 4.01
234422, 3.99
234427, 3.98
234432, 3.96
234437, 3.95
234442, 3.99
234447, 4.03
234452, 4.01
234457, 3.99
234462, 3.98
234467, 4.02
234472, 4.06
234477, 4.04
234482, 4.02
234487, 4.00
234492, 3.99
234497, 3.97
234502, 3.96
234507, 3.94
234512, 3.98
234517, 4.02
234522, 4.01
234527, 3.99
234532, 3.97
234537, 4.01
234542, 4.05
234547, 4.03
234552, 4.02
234557, 4.00
234562, 3.99
234567, 3.97
234572, 4.01
234577, 4.05
234582, 4.03
234587, 4.01
234592, 4.00
234597, 3.98
234602, 3.97
234607, 4.01
234612, 4.04
234617, 4.03
234622, 4.01
234627, 3.99
234632, 3.98
234637, 3.96
234642, 4.00
234647, 4.04
234652, 4.02
234657, 4.01
234662, 3.99
234667, 4.03
234672, 4.07
234677, 4.05
234682, 4.03
234687, 4.02
234692, 4.00
234697, 3.98
234702, 4.02
234707, 4.06
234712, 4.04
234717, 4.02
234722, 4.01
234727, 3.99
234732, 3.98
234737, 3.96
234742, 3.95
234747, 3.99
234752, 4.03
234757, 4.01
234762, 3.99
234767, 3.98
234772, 4.02
234777, 4.05
234782, 4.04
234787, 4.02
234792, 4.00
234797, 3.99
234802, 3.97
234807, 4.01
234812, 4.05
234817, 4.03
234822, 4.02
234827, 4.00
234832, 3.98
234837, 3.97
234842, 3.95
234847, 3.99
234852, 4.03
234857, 4.01
234862, 4.00
234867, 3.98
234872, 3.97
234877, 4.01
234882, 4.04
234887, 4.03
234892, 4.01
234897, 3.99
234902, 3.98
234907, 3.96
234912, 4.00
234917, 4.04
234922, 4.02
234927, 4.01
234932, 3.99
234937, 3.98
234942, 3.96
234947, 3.95
234952, 3.99
234957, 4.03
234962, 4.01
234967, 3.99
234972, 3.98
234977, 3.96
234982, 4.00
234987, 4.04
234992, 4.02
234997, 4.01
235002, 3.99
235007, 3.98
235012, 3.96
235017, 4.00
235022, 4.04
235027, 4.02
235032, 4.00
235037, 3.99
235042, 3.97
235047, 3.96
235052, 4.00
235057, 4.04
235062, 4.02
235067, 4.00
235072, 3.99
235077, 3.97
235082, 3.96
235087, 4.00
235092, 4.03
235097, 4.02
235102, 4.00
235107, 3.99
235112, 3.97
235117, 3.96
235122, 4.00
235127, 4.03
235132, 4.02
235137, 4.00
235142, 3.98
235147, 3.97
235152, 3.95
235157, 3.99
235162, 4.03
235167, 4.02
235172, 4.00
235177, 3.98
235182, 4.02
235187, 4.06
235192, 4.04
235197, 4.03
235202, 4.01
235207, 3.99
235212, 3.98
235217, 4.02
235222, 4.05
235227, 4.04
235232, 4.02
235237, 4.00
235242, 3.99
235247, 3.97
235252, 3.96
235257, 4.00
235262, 4.04
235267, 4.02
235272, 4.00
235277, 3.99
235282, 3.97
235287, 4.01
235292, 4.05
235297, 4.03
235302, 4.01
235307, 4.00
235312, 4.04
235317, 4.07
235322, 4.06
235327, 4.04
235332, 4.02
235337, 4.00
235342, 3.99
235347, 3.97
235352, 3.96
235357, 4.00
235362, 4.04
235367, 4.02
235372, 4.00
235377, 3.99
235382, 3.97
235387, 3.96
235392, 4.00
235397, 4.03
235402, 4.02
235407, 4.00
235412, 3.99
235417, 4.02
235422, 4.06
235427, 4.04
235432, 4.03
235437, 4.01
235442, 3.99
235447, 3.98
235452, 3.96
235457, 3.95
235462, 3.99
235467, 4.03
235472, 4.01
235477, 3.99
235482, 3.98
235487, 3.96
235492, 3.95
235497, 3.99
235502, 4.03
235507, 4.01
235512, 4.00
235517, 3.98
235522, 4.02
235527, 4.00
235532, 3.99
235537, 4.02
235542, 4.01
235547, 3.99
235552, 3.98
235557, 3.96
235562, 3.95
235567, 3.93
235572, 3.97
235577, 4.01
235582, 4.00
235587, 3.98
235592, 3.97
235597, 3.95
235602, 3.99
235607, 4.03
235612, 4.01
235617, 4.00
235622, 3.98
235627, 3.97
235632, 4.00
235637, 4.04
235642, 4.03
235647, 4.01
235652, 3.99
235657, 3.98
235662, 3.96
235667, 3.95
235672, 3.99
235677, 4.03
235682, 4.01
235687, 3.99
235692, 3.98
235697, 3.96
235702, 3.95
235707, 3.99
235712, 4.03
235717, 4.01
235722, 3.99
235727, 3.98
235732, 4.02
235737, 4.06
235742, 4.04
235747, 4.02
235752, 4.00
235757, 3.99
235762, 3.97
235767, 3.96
235772, 3.94
235777, 3.98
235782, 4.02
235787, 4.01
235792, 3.99
235797, 3.97
235802, 4.01
235807, 4.05
235812, 4.03
235817, 4.02
235822, 4.00
235827, 3.99
235832, 3.97
235837, 4.01
235842, 4.05
235847, 4.03
235852, 4.01
235857, 4.00
235862, 3.98
235867, 3.97
235872, 3.95
235877, 3.99
235882, 4.03
235887, 4.01
235892, 4.00
235897, 3.98
235902, 3.97
235907, 4.01
235912, 4.04
235917, 4.03
235922, 4.01
235927, 3.99
235932, 3.98
235937, 3.96
235942, 4.00
235947, 4.04
235952, 4.02
235957, 4.01
235962, 3.99
235967, 3.98
235972, 3.96
235977, 4.00
235982, 4.04
235987, 4.02
235992, 4.00
235997, 3.99
236002, 3.97
236007, 3.96
236012, 4.00
236017, 4.04
236022, 4.02
236027, 4.00
236032, 3.99
236037, 4.03
236042, 4.06
236047, 4.05
236052, 4.03
236057, 4.01
236062, 4.00
236067, 3.98
236072, 4.02
236077, 4.06
236082, 4.04
236087, 4.02
236092, 4.01
236097, 3.99
236102, 3.97
236107, 4.01
236112, 4.05
236117, 4.03
236122, 4.02
236127, 4.00
236132, 3.99
236137, 3.97
236142, 4.01
236147, 4.05
236152, 4.03
236157, 4.01
236162, 4.00
236167, 3.98
236172, 3.97
236177, 4.01
236182, 4.04
236187, 4.03
236192, 4.01
236197, 3.99
236202, 3.98
236207, 3.96
236212, 4.00
236217, 4.04
236222, 4.02
236227, 4.01
236232, 3.99
236237, 3.98
236242, 4.01
236247, 4.05
236252, 4.03
236257, 4.02
236262, 4.00
236267, 3.99
236272, 3.97
236277, 3.96
236282, 4.00
236287, 4.03
236292, 4.02
236297, 4.00
236302, 3.98
236307, 3.97
236312, 3.95
236317, 3.99
236322, 4.03
236327, 4.02
236332, 4.00
236337, 3.98
236342, 3.97
236347, 3.95
236352, 3.99
236357, 4.03
236362, 4.02
236367, 4.00
236372, 3.98
236377, 3.97
236382, 3.95
236387, 3.99
236392, 4.03
236397, 4.01
236402, 4.00
236407, 3.98
236412, 3.97
236417, 3.95
236422, 3.99
236427, 4.03
236432, 4.01
236437, 4.00
236442, 3.98
236447, 4.02
236452, 4.06
236457, 4.04
236462, 4.02
236467, 4.01
236472, 3.99
236477, 3.98
236482, 3.96
236487, 4.00
236492, 4.04
236497, 4.02
236502, 4.01
236507, 3.99
236512, 3.97
236517, 3.96
236522, 3.94
236527, 3.98
236532, 4.02
236537, 4.01
236542, 3.99
236547, 3.98
236552, 4.01
236557, 4.05
236562, 4.03
236567, 4.02
236572, 4.00
236577, 3.99
236582, 3.97
236587, 4.01
236592, 4.05
236597, 4.03
236602, 4.01
236607, 4.00
236612, 3.98
236617, 3.97
236622, 4.01
236627, 4.04
236632, 4.03
236637, 4.01
236642, 3.99
236647, 3.98
236652, 3.96
236657, 4.00
236662, 4.04
236667, 4.02
236672, 4.01
236677, 3.99
236682, 4.03
236687, 4.07
236692, 4.05
236697, 4.03
236702, 4.02
236707, 4.00
236712, 3.98
236717, 3.97
236722, 3.95
236727, 3.99
236732, 4.03
236737, 4.01
236742, 4.00
236747, 3.98
236752, 3.97
236757, 3.95
236762, 3.99
236767, 4.03
236772, 4.01
236777, 4.00
236782, 3.98
236787, 3.97
236792, 3.95
236797, 3.99
236802, 4.03
236807, 4.01
236812, 4.00
236817, 3.98
236822, 3.97
236827, 3.95
236832, 3.99
