326007, 0.00
326012, 0.00
326017, 0.00
326022, 0.05
326027, 0.11
326032, 0.16
326037, 0.31
326042, 0.47
326047, 0.61
326052, 0.76
326057, 0.90
326062, 1.08
326067, 1.27
326072, 1.44
326077, 1.61
326082, 1.78
326087, 1.94
326092, 2.10
326097, 2.25
326102, 2.39
326107, 2.54
326112, 2.67
326117, 2.81
326122, 2.94
326127, 3.06
326132, 3.18
326137, 3.35
326142, 3.52
326147, 3.63
326152, 3.73
326157, 3.83
326162, 3.93
326167, 4.02
326172, 4.17
326177, 4.31
326182, 4.39
326187, 4.47
326192, 4.60
326197, 4.73
326202, 4.80
326207, 4.87
326212, 4.93
326217, 5.00
326222, 5.11
326227, 5.22
326232, 5.28
326237, 5.39
326242, 5.49
326247, 5.54
326252, 5.58
326257, 5.62
326262, 5.67
326267, 5.76
326272, 5.85
326277, 5.89
326282, 5.92
326287, 6.01
326292, 6.09
326297, 6.12
326302, 6.15
326307, 6.17
326312, 6.20
326317, 6.27
326322, 6.35
326327, 6.37
326332, 6.39
326337, 6.46
326342, 6.53
326347, 6.55
326352, 6.56
326357, 6.57
326362, 6.58
326367, 6.65
326372, 6.72
326377, 6.72
326382, 6.73
326387, 6.74
326392, 6.75
326397, 6.81
326402, 6.87
326407, 6.87
326412, 6.87
326417, 6.88
326422, 6.88
326427, 6.88
326432, 6.89
326437, 6.94
326442, 7.00
326447, 7.00
326452, 7.00
326457, 7.00
326462, 7.05
326467, 7.10
326472, 7.10
326477, 7.10
326482, 7.09
326487, 7.09
326492, 7.08
326497, 7.08
326502, 7.08
326507, 7.08
326512, 7.07
326517, 7.07
326522, 7.12
326527, 7.17
326532, 7.16
326537, 7.16
326542, 7.15
326547, 7.15
326552, 7.14
326557, 7.14
326562, 7.13
326567, 7.13
326572, 7.12
326577, 7.17
326582, 7.22
326587, 7.21
326592, 7.21
326597, 7.20
326602, 7.19
326607, 7.19
326612, 7.18
326617, 7.17
326622, 7.17
326627, 7.16
326632, 7.16
326637, 7.15
326642, 7.15
326647, 7.14
326652, 7.14
326657, 7.13
326662, 7.13
326667, 7.12
326672, 7.12
326677, 7.11
326682, 7.11
326687, 7.11
326692, 7.10
326697, 7.15
326702, 7.20
326707, 7.19
326712, 7.13
326717, 7.07
326722, 7.07
326727, 7.07
326732, 7.07
326737, 7.12
326742, 7.17
326747, 7.16
326752, 7.16
326757, 7.15
326762, 7.15
326767, 7.14
326772, 7.14
326777, 7.13
326782, 7.13
326787, 7.12
326792, 7.12
326797, 7.11
326802, 7.11
326807, 7.11
326812, 7.10
326817, 7.10
326822, 7.09
326827, 7.09
326832, 7.09
326837, 7.08
326842, 7.08
326847, 7.08
326852, 7.07
326857, 7.07
326862, 7.07
326867, 7.07
326872, 7.06
326877, 7.06
326882, 7.06
326887, 7.06
326892, 7.05
326897, 7.05
326902, 7.05
326907, 7.05
326912, 7.05
326917, 7.04
326922, 7.04
326927, 7.04
326932, 7.04
326937, 7.04
326942, 7.03
326947, 7.03
326952, 7.03
326957, 7.03
326962, 7.03
326967, 7.03
326972, 7.03
326977, 7.02
326982, 7.02
326987, 7.02
326992, 7.07
326997, 7.13
327002, 7.12
327007, 7.06
327012, 7.01
327017, 7.01
327022, 7.00
327027, 7.00
327032, 7.06
327037, 7.05
327042, 7.00
327047, 7.05
327052, 7.10
327057, 7.10
327062, 7.10
327067, 7.04
327072, 6.98
327077, 6.98
327082, 6.98
327087, 6.98
327092, 6.98
327097, 6.98
327102, 6.98
327107, 6.98
327112, 7.04
327117, 7.09
327122, 7.09
327127, 7.03
327132, 6.97
327137, 6.97
327142, 6.97
327147, 6.97
327152, 6.97
327157, 6.97
327162, 6.97
327167, 6.97
327172, 6.97
327177, 6.97
327182, 6.98
327187, 6.98
327192, 6.98
327197, 6.98
327202, 6.98
327207, 6.98
327212, 6.98
327217, 6.98
327222, 6.98
327227, 6.98
327232, 7.03
327237, 7.08
327242, 7.08
327247, 7.02
327252, 6.97
327257, 6.97
327262, 6.97
327267, 6.97
327272, 7.02
327277, 7.02
327282, 7.02
327287, 7.07
327292, 7.07
327297, 7.07
327302, 7.07
327307, 7.01
327312, 6.95
327317, 6.95
327322, 6.96
327327, 6.96
327332, 6.96
327337, 6.96
327342, 6.96
327347, 7.01
327352, 7.07
327357, 7.06
327362, 7.06
327367, 7.00
327372, 6.95
327377, 6.95
327382, 6.95
327387, 6.95
327392, 6.95
327397, 6.95
327402, 7.01
327407, 7.06
327412, 7.06
327417, 7.06
327422, 7.06
327427, 7.05
327432, 7.00
327437, 6.94
327442, 6.94
327447, 6.94
327452, 6.95
327457, 6.95
327462, 7.00
327467, 7.06
327472, 7.05
327477, 7.05
327482, 7.05
327487, 7.05
327492, 6.99
327497, 6.94
327502, 6.94
327507, 6.94
327512, 6.99
327517, 7.05
327522, 7.05
327527, 7.04
327532, 7.04
327537, 7.04
327542, 7.04
327547, 7.04
327552, 6.98
327557, 6.93
327562, 6.93
327567, 6.93
327572, 6.93
327577, 6.93
327582, 6.93
327587, 6.99
327592, 7.04
327597, 7.04
327602, 7.04
327607, 6.98
327612, 6.93
327617, 6.93
327622, 6.93
327627, 6.93
327632, 6.94
327637, 6.94
327642, 6.94
327647, 6.99
327652, 7.05
327657, 7.05
327662, 7.04
327667, 7.04
327672, 6.99
327677, 6.93
327682, 6.93
327687, 6.93
327692, 6.94
327697, 6.94
327702, 6.99
327707, 7.05
327712, 7.04
327717, 7.04
327722, 7.04
327727, 7.04
327732, 6.98
327737, 6.93
327742, 6.93
327747, 6.93
327752, 6.99
327757, 7.04
327762, 7.04
327767, 7.04
327772, 7.04
327777, 7.03
327782, 7.03
327787, 7.03
327792, 7.03
327797, 6.97
327802, 6.92
327807, 6.92
327812, 6.98
327817, 7.03
327822, 7.03
327827, 7.03
327832, 7.03
327837, 7.03
327842, 7.02
327847, 7.02
327852, 7.02
327857, 6.97
327862, 6.91
327867, 6.97
327872, 7.02
327877, 7.02
327882, 7.02
327887, 7.02
327892, 7.02
327897, 7.02
327902, 7.02
327907, 7.02
327912, 7.01
327917, 7.01
327922, 6.96
327927, 6.96
327932, 7.01
327937, 7.01
327942, 7.01
327947, 7.01
327952, 7.01
327957, 7.01
327962, 7.01
327967, 7.01
327972, 7.01
327977, 7.01
327982, 7.01
327987, 7.00
327992, 7.00
327997, 7.00
328002, 7.00
328007, 7.00
328012, 7.00
328017, 7.00
328022, 7.00
328027, 7.00
328032, 7.00
328037, 7.00
328042, 7.00
328047, 7.00
328052, 7.00
328057, 7.00
328062, 7.00
328067, 7.00
328072, 6.99
328077, 6.99
328082, 6.99
328087, 6.99
328092, 6.99
328097, 6.99
328102, 6.99
328107, 6.99
328112, 6.99
328117, 6.99
328122, 6.99
328127, 6.99
328132, 6.99
328137, 6.99
328142, 6.99
328147, 6.99
328152, 6.99
328157, 6.99
328162, 6.99
328167, 6.99
328172, 6.99
328177, 6.99
328182, 6.99
328187, 6.99
328192, 7.04
328197, 7.09
328202, 7.09
328207, 7.09
328212, 7.03
328217, 6.97
328222, 6.97
328227, 6.97
328232, 7.03
328237, 7.08
328242, 7.08
328247, 7.08
328252, 7.07
328257, 7.07
328262, 7.07
328267, 7.01
328272, 6.96
328277, 6.96
328282, 6.96
328287, 6.96
328292, 6.96
328297, 6.96
328302, 7.01
328307, 7.01
328312, 7.01
328317, 7.06
328322, 7.06
328327, 7.01
328332, 6.95
328337, 6.95
328342, 6.95
328347, 6.95
328352, 6.95
328357, 7.01
328362, 7.06
328367, 7.06
328372, 7.06
328377, 7.06
328382, 7.05
328387, 7.00
328392, 6.94
328397, 6.94
328402, 6.94
328407, 6.95
328412, 7.00
328417, 7.00
328422, 6.95
328427, 7.00
328432, 7.05
328437, 7.05
328442, 7.05
328447, 6.99
328452, 6.94
328457, 6.94
328462, 6.94
328467, 6.94
328472, 6.94
328477, 6.95
328482, 6.95
328487, 7.00
328492, 7.05
328497, 7.05
328502, 7.00
328507, 6.94
328512, 6.94
328517, 6.94
328522, 6.95
328527, 6.95
328532, 6.95
328537, 6.95
328542, 7.00
328547, 7.06
328552, 7.05
328557, 7.05
328562, 7.05
328567, 6.99
328572, 6.94
328577, 6.94
328582, 6.94
328587, 6.94
328592, 7.00
328597, 7.05
328602, 7.05
328607, 7.05
328612, 7.05
328617, 7.04
328622, 7.04
328627, 7.04
328632, 7.04
328637, 7.04
328642, 7.03
328647, 6.98
328652, 6.98
328657, 7.03
328662, 7.03
328667, 7.03
328672, 7.03
328677, 7.03
328682, 7.03
328687, 7.02
328692, 7.02
328697, 6.97
328702, 6.91
328707, 6.92
328712, 6.97
328717, 7.03
328722, 7.03
328727, 7.02
328732, 7.02
328737, 7.02
328742, 7.02
328747, 7.02
328752, 7.02
328757, 7.02
328762, 7.02
328767, 7.01
328772, 7.01
328777, 7.01
328782, 7.01
328787, 7.01
328792, 7.01
328797, 7.01
328802, 7.01
328807, 7.01
328812, 7.01
328817, 7.01
328822, 7.00
328827, 7.00
328832, 7.00
328837, 7.00
328842, 7.00
328847, 7.00
328852, 7.00
328857, 7.00
328862, 7.00
328867, 7.00
328872, 7.00
328877, 7.00
328882, 7.00
328887, 7.00
328892, 7.00
328897, 7.00
328902, 7.00
328907, 6.99
328912, 6.99
328917, 6.99
328922, 6.99
328927, 6.99
328932, 6.99
328937, 6.99
328942, 6.99
328947, 6.99
328952, 6.99
328957, 6.99
328962, 6.99
328967, 6.99
328972, 6.99
328977, 6.99
328982, 6.99
328987, 6.99
328992, 6.99
328997, 6.99
329002, 6.99
329007, 6.99
329012, 6.99
329017, 6.99
329022, 7.04
329027, 7.09
329032, 7.09
329037, 7.09
329042, 7.03
329047, 6.97
329052, 6.97
329057, 6.97
329062, 6.98
329067, 6.98
329072, 6.98
329077, 7.03
329082, 7.08
329087, 7.08
329092, 7.08
329097, 7.07
329102, 7.07
329107, 7.01
329112, 6.96
329117, 6.96
329122, 6.96
329127, 6.96
329132, 6.96
329137, 7.02
329142, 7.07
329147, 7.07
329152, 7.06
329157, 7.06
329162, 7.00
329167, 6.95
329172, 6.95
329177, 6.95
329182, 6.95
329187, 6.95
329192, 6.95
329197, 7.01
329202, 7.06
329207, 7.06
329212, 7.06
329217, 7.05
329222, 7.00
329227, 6.94
329232, 6.95
329237, 6.95
329242, 6.95
329247, 6.95
329252, 6.95
329257, 7.00
329262, 7.06
329267, 7.06
329272, 7.05
329277, 7.05
329282, 7.05
329287, 6.99
329292, 6.94
329297, 6.94
329302, 6.94
329307, 7.00
329312, 7.00
329317, 7.00
329322, 7.05
329327, 7.05
329332, 7.04
329337, 7.04
329342, 7.04
329347, 6.99
329352, 6.93
329357, 6.93
329362, 6.93
329367, 6.99
329372, 6.99
329377, 6.99
329382, 7.04
329387, 7.04
329392, 7.04
329397, 7.04
329402, 7.04
329407, 7.03
329412, 6.98
329417, 6.92
329422, 6.93
329427, 6.98
329432, 7.04
329437, 7.03
329442, 7.03
329447, 7.03
329452, 7.03
329457, 7.03
329462, 7.03
329467, 6.97
329472, 6.92
329477, 6.92
329482, 6.92
329487, 6.92
329492, 6.98
329497, 7.03
329502, 7.03
329507, 7.03
329512, 7.03
329517, 7.03
329522, 7.03
329527, 7.02
329532, 6.97
329537, 6.92
329542, 6.92
329547, 6.97
329552, 7.03
329557, 7.03
329562, 7.02
329567, 7.02
329572, 7.02
329577, 7.02
329582, 6.97
329587, 6.91
329592, 6.91
329597, 6.92
329602, 6.92
329607, 6.97
329612, 7.03
329617, 7.03
329622, 7.03
329627, 7.02
329632, 7.02
329637, 7.02
329642, 6.97
329647, 6.91
329652, 6.91
329657, 6.92
329662, 6.92
329667, 6.97
329672, 6.98
329677, 6.92
329682, 6.98
329687, 7.03
329692, 7.03
329697, 7.03
329702, 7.03
329707, 7.03
329712, 6.97
329717, 6.92
329722, 6.92
329727, 6.92
329732, 6.92
329737, 6.98
329742, 7.03
329747, 7.03
329752, 7.03
329757, 7.03
329762, 7.03
329767, 7.02
329772, 7.02
329777, 6.97
329782, 6.97
329787, 7.02
329792, 7.02
329797, 7.02
329802, 7.02
329807, 7.02
329812, 7.02
329817, 7.02
329822, 7.01
329827, 7.01
329832, 7.01
329837, 7.01
329842, 7.01
329847, 7.01
329852, 7.01
329857, 7.01
329862, 7.01
329867, 7.01
329872, 7.01
329877, 7.00
329882, 7.00
329887, 7.00
329892, 7.00
329897, 7.00
329902, 7.00
329907, 7.00
329912, 7.00
329917, 7.00
329922, 7.00
329927, 7.00
329932, 7.00
329937, 7.00
329942, 7.00
329947, 7.00
329952, 7.00
329957, 7.00
329962, 7.00
329967, 6.99
329972, 6.99
329977, 6.99
329982, 6.99
329987, 6.99
329992, 6.99
329997, 6.99
330002, 6.99
330007, 6.99
330012, 6.99
330017, 6.99
330022, 6.99
330027, 6.99
330032, 6.99
330037, 6.99
330042, 6.99
330047, 6.99
330052, 6.99
330057, 6.99
330062, 6.99
330067, 6.99
330072, 6.99
330077, 6.99
330082, 6.99
330087, 6.99
330092, 6.99
330097, 7.04
330102, 7.09
330107, 7.09
330112, 7.09
330117, 7.08
330122, 7.08
330127, 7.02
330132, 6.97
330137, 6.97
330142, 6.97
330147, 7.02
330152, 7.08
330157, 7.07
330162, 7.07
330167, 7.07
330172, 7.06
330177, 7.06
330182, 7.06
330187, 7.06
330192, 7.00
330197, 6.95
330202, 6.95
330207, 7.00
330212, 7.06
330217, 7.05
330222, 7.05
330227, 7.05
330232, 7.05
330237, 7.04
330242, 6.99
330247, 6.99
330252, 6.99
330257, 6.93
330262, 6.94
330267, 6.99
330272, 7.04
330277, 7.04
330282, 7.04
330287, 7.04
330292, 7.04
330297, 7.04
330302, 6.98
330307, 6.93
330312, 6.93
330317, 6.93
330322, 6.93
330327, 6.93
330332, 6.93
330337, 6.94
330342, 6.94
330347, 6.99
330352, 7.05
330357, 7.04
330362, 6.99
330367, 6.93
330372, 6.94
330377, 6.94
330382, 6.94
330387, 6.94
330392, 6.94
330397, 7.00
330402, 7.05
330407, 7.05
330412, 7.05
330417, 7.04
330422, 6.99
330427, 6.93
330432, 6.93
330437, 6.94
330442, 6.94
330447, 6.94
330452, 6.94
330457, 6.94
330462, 7.00
330467, 7.05
330472, 7.05
330477, 7.05
330482, 6.99
330487, 6.94
330492, 6.94
330497, 6.94
330502, 6.94
330507, 6.94
330512, 6.94
330517, 7.00
330522, 7.05
330527, 7.05
330532, 7.05
330537, 7.04
330542, 7.04
330547, 7.04
330552, 6.99
330557, 6.93
330562, 6.93
330567, 6.99
330572, 7.04
330577, 7.04
330582, 7.04
330587, 7.04
330592, 7.03
330597, 7.03
330602, 7.03
330607, 7.03
330612, 7.03
330617, 7.03
330622, 7.03
330627, 7.02
330632, 7.02
330637, 7.02
330642, 7.02
330647, 7.02
330652, 7.02
330657, 7.02
330662, 7.02
330667, 7.01
330672, 7.01
330677, 7.01
330682, 7.01
330687, 7.01
330692, 7.01
330697, 7.01
330702, 7.01
330707, 7.01
330712, 7.01
330717, 7.01
330722, 7.00
330727, 7.00
330732, 7.00
330737, 7.00
330742, 7.00
330747, 7.00
330752, 7.00
330757, 7.00
330762, 7.00
330767, 7.00
330772, 7.00
330777, 7.00
330782, 7.00
330787, 7.00
330792, 7.00
330797, 7.00
330802, 7.00
330807, 7.00
330812, 6.99
330817, 6.99
330822, 7.05
330827, 7.10
330832, 7.10
330837, 7.04
330842, 6.98
330847, 6.98
330852, 6.98
330857, 6.98
330862, 6.98
330867, 6.98
330872, 6.98
330877, 7.04
330882, 7.09
330887, 7.09
330892, 7.08
330897, 7.03
330902, 6.97
330907, 6.97
330912, 6.97
330917, 6.97
330922, 6.97
330927, 6.97
330932, 6.97
330937, 6.97
330942, 6.97
330947, 7.03
330952, 7.08
330957, 7.02
330962, 6.97
330967, 6.97
330972, 6.97
330977, 6.97
330982, 6.97
330987, 6.97
330992, 6.97
330997, 7.02
331002, 7.02
331007, 6.97
331012, 6.97
331017, 6.97
331022, 6.97
331027, 6.97
331032, 6.97
331037, 6.97
331042, 6.97
331047, 6.97
331052, 6.97
331057, 6.97
331062, 6.97
331067, 7.03
331072, 7.08
331077, 7.02
331082, 6.97
331087, 6.97
331092, 6.97
331097, 6.97
331102, 6.97
331107, 6.97
331112, 7.02
331117, 7.08
331122, 7.07
331127, 7.07
331132, 7.07
331137, 7.06
331142, 7.01
331147, 6.95
331152, 6.95
331157, 6.95
331162, 6.96
331167, 6.96
331172, 7.01
331177, 7.06
331182, 7.06
331187, 7.06
331192, 7.06
331197, 7.05
331202, 7.05
331207, 7.00
331212, 6.94
331217, 6.94
331222, 6.94
331227, 6.95
331232, 7.00
331237, 7.05
331242, 7.05
331247, 7.05
331252, 7.05
331257, 7.05
331262, 7.04
331267, 6.99
331272, 6.93
331277, 6.99
331282, 7.04
331287, 7.04
331292, 7.04
331297, 7.04
331302, 7.04
331307, 7.03
331312, 7.03
331317, 7.03
331322, 7.03
331327, 6.97
331332, 6.92
331337, 6.92
331342, 6.98
331347, 7.03
331352, 7.03
331357, 7.03
331362, 7.03
331367, 7.03
331372, 7.02
331377, 7.02
331382, 7.02
331387, 6.97
331392, 6.91
331397, 6.91
331402, 6.97
331407, 7.03
331412, 7.02
331417, 7.02
331422, 7.02
331427, 7.02
331432, 7.02
331437, 7.02
331442, 7.02
331447, 6.96
331452, 6.91
331457, 6.91
331462, 6.91
331467, 6.97
331472, 7.02
331477, 7.02
331482, 7.02
331487, 7.02
331492, 7.02
331497, 7.02
331502, 6.96
331507, 6.91
331512, 6.91
331517, 6.91
331522, 6.92
331527, 6.92
331532, 6.97
331537, 7.03
331542, 7.03
331547, 7.02
331552, 7.02
331557, 7.02
331562, 6.97
331567, 6.91
331572, 6.92
331577, 6.92
331582, 6.92
331587, 6.92
331592, 6.98
331597, 7.03
331602, 7.03
331607, 7.03
331612, 7.03
331617, 7.03
331622, 6.97
331627, 6.92
331632, 6.92
331637, 6.92
331642, 6.98
331647, 7.03
331652, 7.03
331657, 7.03
331662, 7.03
331667, 7.02
331672, 7.02
331677, 7.02
331682, 7.02
331687, 6.97
331692, 6.91
331697, 6.91
331702, 6.92
331707, 6.97
331712, 7.03
331717, 7.03
331722, 7.02
331727, 7.02
331732, 7.02
331737, 7.02
331742, 7.02
331747, 6.96
331752, 6.91
331757, 6.97
331762, 7.02
331767, 7.02
331772, 7.02
331777, 7.02
331782, 7.02
331787, 7.01
331792, 7.01
331797, 7.01
331802, 7.01
331807, 7.01
331812, 7.01
331817, 7.01
331822, 7.01
331827, 7.01
331832, 7.01
331837, 7.01
331842, 7.01
331847, 7.00
331852, 7.00
331857, 7.00
331862, 7.00
331867, 7.00
331872, 7.00
331877, 7.00
331882, 7.00
331887, 7.00
331892, 7.00
331897, 7.00
331902, 7.00
331907, 7.00
331912, 7.00
331917, 7.00
331922, 7.00
331927, 7.00
331932, 6.99
331937, 6.99
331942, 6.99
331947, 6.99
331952, 6.99
331957, 6.99
331962, 6.99
331967, 6.99
331972, 6.99
331977, 6.99
331982, 6.99
331987, 6.99
331992, 6.99
331997, 6.99
332002, 7.04
332007, 7.10
332012, 7.09
332017, 7.09
332022, 7.09
332027, 7.08
332032, 7.08
332037, 7.08
332042, 7.07
332047, 7.07
332052, 7.07
332057, 7.07
332062, 7.06
332067, 7.06
332072, 7.06
332077, 7.06
332082, 7.05
332087, 7.05
332092, 7.05
332097, 7.05
332102, 6.99
332107, 6.94
332112, 6.94
332117, 6.94
332122, 6.99
332127, 7.05
332132, 7.05
332137, 7.04
332142, 7.04
332147, 7.04
332152, 7.04
332157, 6.98
332162, 6.93
332167, 6.93
332172, 6.93
332177, 6.93
332182, 6.93
332187, 6.94
332192, 6.99
332197, 7.05
332202, 7.04
332207, 7.04
332212, 7.04
332217, 7.04
332222, 6.98
332227, 6.93
332232, 6.93
332237, 6.93
332242, 6.93
332247, 6.99
332252, 7.04
332257, 7.04
332262, 7.04
332267, 7.04
332272, 7.03
332277, 6.98
332282, 6.93
332287, 6.93
332292, 6.93
332297, 6.93
332302, 6.93
332307, 6.93
332312, 6.93
332317, 6.94
332322, 6.99
332327, 7.05
332332, 6.99
332337, 6.94
332342, 6.94
332347, 6.94
332352, 6.94
332357, 6.94
332362, 6.94
332367, 6.94
332372, 7.00
332377, 7.05
332382, 7.05
332387, 7.05
332392, 7.05
332397, 7.04
332402, 7.04
332407, 6.99
332412, 6.99
332417, 6.99
332422, 6.99
332427, 7.04
332432, 7.04
332437, 7.04
332442, 7.03
332447, 7.03
332452, 7.03
332457, 7.03
332462, 7.03
332467, 7.03
332472, 7.02
332477, 7.02
332482, 7.02
332487, 7.02
332492, 7.02
332497, 7.02
332502, 7.02
332507, 7.02
332512, 7.02
332517, 7.01
332522, 7.01
332527, 7.01
332532, 7.01
332537, 7.01
332542, 7.01
332547, 7.01
332552, 7.01
332557, 7.01
332562, 7.01
332567, 7.01
332572, 7.00
332577, 7.00
332582, 7.00
332587, 7.00
332592, 7.00
332597, 7.00
332602, 7.00
332607, 7.00
332612, 7.00
332617, 7.00
332622, 7.00
332627, 7.00
332632, 7.00
332637, 7.00
332642, 7.00
332647, 7.00
332652, 7.00
332657, 6.99
332662, 6.99
332667, 6.99
332672, 6.99
332677, 7.05
332682, 7.10
332687, 7.10
332692, 7.04
332697, 7.04
332702, 7.03
332707, 6.98
332712, 6.98
332717, 6.98
332722, 6.98
332727, 7.03
332732, 7.09
332737, 7.08
332742, 7.08
332747, 7.08
332752, 7.07
332757, 7.02
332762, 6.96
332767, 6.96
332772, 6.96
332777, 6.96
332782, 6.96
332787, 7.02
332792, 7.07
332797, 7.07
332802, 7.07
332807, 7.06
332812, 7.01
332817, 6.95
332822, 6.95
332827, 6.95
332832, 6.95
332837, 6.96
332842, 6.96
332847, 6.96
332852, 6.96
332857, 6.96
332862, 6.96
332867, 7.01
332872, 7.01
332877, 6.96
332882, 6.96
332887, 6.96
332892, 6.96
332897, 6.96
332902, 6.96
332907, 6.96
332912, 6.96
332917, 6.96
332922, 7.02
332927, 7.02
332932, 6.96
332937, 6.96
332942, 6.96
332947, 6.96
332952, 6.96
332957, 6.96
332962, 6.96
332967, 6.97
332972, 6.97
332977, 7.02
332982, 7.07
332987, 7.07
332992, 7.01
332997, 6.96
333002, 6.96
333007, 6.96
333012, 6.96
333017, 6.96
333022, 6.96
333027, 6.96
333032, 7.02
333037, 7.07
333042, 7.07
333047, 7.06
333052, 7.06
333057, 7.01
333062, 6.95
333067, 6.95
333072, 6.95
333077, 6.95
333082, 7.01
333087, 7.06
333092, 7.06
333097, 7.06
333102, 7.05
333107, 7.05
333112, 7.05
333117, 7.05
333122, 6.99
333127, 6.94
333132, 6.94
333137, 6.99
333142, 6.99
333147, 6.99
333152, 7.05
333157, 7.04
333162, 7.04
333167, 7.04
333172, 7.04
333177, 7.04
333182, 7.04
333187, 6.98
333192, 6.93
333197, 6.98
333202, 7.04
333207, 7.03
333212, 7.03
333217, 7.03
333222, 7.03
333227, 7.03
333232, 7.03
333237, 7.02
333242, 7.02
333247, 6.97
333252, 6.91
333257, 6.97
333262, 7.03
333267, 7.02
333272, 7.02
333277, 7.02
333282, 7.02
333287, 7.02
333292, 7.02
333297, 7.02
333302, 6.96
333307, 6.91
333312, 6.91
333317, 6.97
333322, 7.02
333327, 7.02
333332, 7.02
333337, 7.02
333342, 7.02
333347, 7.02
333352, 7.01
333357, 7.01
333362, 6.96
333367, 6.90
333372, 6.96
333377, 7.02
333382, 7.01
333387, 7.01
333392, 7.01
333397, 7.01
333402, 7.01
333407, 7.01
333412, 7.01
333417, 7.01
333422, 6.95
333427, 6.90
333432, 6.90
333437, 6.91
333442, 6.96
333447, 7.02
333452, 7.02
333457, 7.01
333462, 7.01
333467, 7.01
333472, 7.01
333477, 7.01
333482, 7.01
333487, 7.01
333492, 6.95
333497, 6.95
333502, 7.01
333507, 7.01
333512, 7.01
333517, 7.01
333522, 7.01
333527, 7.01
333532, 7.00
333537, 7.00
333542, 6.95
333547, 6.90
333552, 6.95
333557, 7.01
333562, 7.01
333567, 7.01
333572, 7.01
333577, 7.00
333582, 7.00
333587, 7.00
333592, 7.00
333597, 7.00
333602, 7.00
333607, 7.00
333612, 7.00
333617, 7.00
333622, 7.00
333627, 7.00
333632, 7.00
333637, 7.00
333642, 7.00
333647, 7.00
333652, 7.00
333657, 7.00
333662, 6.99
333667, 6.99
333672, 6.99
333677, 6.99
333682, 6.99
333687, 6.99
333692, 6.99
333697, 6.99
333702, 6.99
333707, 6.99
333712, 6.99
333717, 6.99
333722, 6.99
333727, 6.99
333732, 6.99
333737, 6.99
333742, 6.99
333747, 6.99
333752, 6.99
333757, 6.99
333762, 6.99
333767, 6.99
333772, 6.99
333777, 6.99
333782, 6.99
333787, 6.99
333792, 6.99
333797, 6.99
333802, 6.99
333807, 7.04
333812, 7.09
333817, 7.09
333822, 7.09
333827, 7.08
333832, 7.08
333837, 7.08
333842, 7.07
333847, 7.07
333852, 7.07
333857, 7.07
333862, 7.06
333867, 7.06
333872, 7.06
333877, 7.06
333882, 7.05
333887, 7.05
333892, 7.05
333897, 7.05
333902, 7.04
333907, 7.04
333912, 7.04
333917, 7.04
333922, 7.04
333927, 7.04
333932, 7.03
333937, 7.03
333942, 7.03
333947, 7.03
333952, 7.03
333957, 7.03
333962, 7.02
333967, 7.02
333972, 7.02
333977, 7.02
333982, 7.02
333987, 7.02
333992, 7.02
333997, 7.02
334002, 7.02
334007, 7.01
334012, 7.01
334017, 7.01
334022, 6.96
334027, 6.90
334032, 6.91
334037, 6.96
334042, 7.02
334047, 7.02
334052, 7.01
334057, 7.01
334062, 7.01
334067, 7.01
334072, 6.96
334077, 6.90
334082, 6.91
334087, 6.91
334092, 6.91
334097, 6.91
334102, 6.92
334107, 6.92
334112, 6.92
334117, 6.98
334122, 7.03
334127, 7.03
334132, 6.97
334137, 6.92
334142, 6.92
334147, 6.92
334152, 6.92
334157, 6.93
334162, 6.93
334167, 6.93
334172, 6.93
334177, 6.99
334182, 7.04
334187, 6.98
334192, 6.93
334197, 6.93
334202, 6.93
334207, 6.94
334212, 6.94
334217, 6.99
334222, 6.99
334227, 6.94
334232, 6.99
334237, 7.05
334242, 7.04
334247, 6.99
334252, 6.93
334257, 6.94
334262, 6.94
334267, 6.94
334272, 6.94
334277, 6.94
334282, 7.00
334287, 7.05
334292, 7.05
334297, 7.05
334302, 7.04
334307, 7.04
334312, 7.04
334317, 6.98
334322, 6.93
334327, 6.93
334332, 6.93
334337, 6.99
334342, 7.04
334347, 7.04
334352, 7.04
334357, 7.04
334362, 7.04
334367, 7.03
334372, 7.03
334377, 7.03
334382, 7.03
334387, 7.03
334392, 7.03
334397, 7.02
334402, 7.02
334407, 7.02
334412, 7.02
334417, 7.02
334422, 7.02
334427, 7.02
334432, 7.02
334437, 7.01
334442, 7.01
334447, 7.01
334452, 7.01
334457, 7.01
334462, 7.01
334467, 7.01
334472, 7.01
334477, 7.01
334482, 7.01
334487, 7.01
334492, 7.01
334497, 7.00
334502, 7.00
334507, 7.00
334512, 7.00
334517, 7.00
334522, 7.05
334527, 7.11
334532, 7.10
334537, 7.10
334542, 7.10
334547, 7.09
334552, 7.03
334557, 6.98
334562, 6.98
334567, 6.98
334572, 6.98
334577, 7.03
334582, 7.09
334587, 7.08
334592, 7.08
334597, 7.08
334602, 7.07
334607, 7.07
334612, 7.07
334617, 7.01
334622, 6.96
334627, 6.96
334632, 6.96
334637, 7.01
334642, 7.07
334647, 7.06
334652, 7.06
334657, 7.06
334662, 7.06
334667, 7.00
334672, 6.94
334677, 6.95
334682, 6.95
334687, 6.95
334692, 6.95
334697, 7.00
334702, 7.00
334707, 6.95
334712, 7.00
334717, 7.06
334722, 7.05
334727, 7.00
334732, 6.94
334737, 6.94
334742, 6.95
334747, 6.95
334752, 6.95
334757, 6.95
334762, 6.95
334767, 6.95
334772, 7.01
334777, 7.01
334782, 6.95
334787, 6.95
334792, 6.95
334797, 6.95
334802, 6.95
334807, 6.96
334812, 6.96
334817, 6.96
334822, 6.96
334827, 6.96
334832, 6.96
334837, 6.96
334842, 6.96
334847, 6.96
334852, 6.96
334857, 6.96
334862, 6.96
334867, 6.96
334872, 6.96
334877, 6.96
334882, 7.02
334887, 7.07
334892, 7.07
334897, 7.07
334902, 7.06
334907, 7.01
334912, 6.95
334917, 6.95
334922, 6.95
334927, 6.95
334932, 6.96
334937, 6.96
334942, 7.01
334947, 7.06
334952, 7.06
334957, 7.06
334962, 7.06
334967, 7.00
334972, 6.95
334977, 6.95
334982, 6.95
334987, 6.95
334992, 6.95
334997, 6.95
335002, 7.01
335007, 7.01
335012, 7.00
335017, 7.06
335022, 7.06
335027, 7.00
335032, 6.94
335037, 6.95
335042, 6.95
335047, 6.95
335052, 7.00
335057, 7.00
335062, 7.00
335067, 7.05
335072, 7.05
335077, 7.05
335082, 7.05
335087, 7.05
335092, 6.99
335097, 6.94
335102, 6.94
335107, 6.99
335112, 7.05
335117, 7.04
335122, 7.04
335127, 7.04
335132, 7.04
335137, 7.04
335142, 7.04
335147, 7.03
335152, 7.03
335157, 6.98
335162, 6.92
335167, 6.98
335172, 7.03
335177, 7.03
335182, 7.03
335187, 7.03
335192, 7.03
335197, 7.02
335202, 7.02
335207, 7.02
335212, 7.02
335217, 7.02
335222, 6.96
335227, 6.97
335232, 7.02
335237, 7.02
335242, 7.02
335247, 7.02
335252, 7.02
335257, 7.01
335262, 7.01
335267, 7.01
335272, 7.01
335277, 7.01
335282, 7.01
335287, 7.01
335292, 7.01
335297, 7.01
335302, 7.01
335307, 7.01
335312, 7.00
335317, 7.00
335322, 7.00
335327, 7.00
335332, 7.00
335337, 7.00
335342, 7.00
335347, 7.00
335352, 7.00
335357, 7.00
335362, 7.00
335367, 7.00
335372, 7.00
335377, 7.00
335382, 7.00
335387, 7.00
335392, 7.00
335397, 6.99
335402, 6.99
335407, 6.99
335412, 6.99
335417, 6.99
335422, 6.99
335427, 6.99
335432, 6.99
335437, 6.99
335442, 6.99
335447, 6.99
335452, 6.99
335457, 6.99
335462, 6.99
335467, 6.99
335472, 6.99
335477, 6.99
335482, 6.99
335487, 6.99
335492, 6.99
335497, 6.99
335502, 6.99
335507, 6.99
335512, 6.99
335517, 6.99
335522, 6.99
335527, 6.99
335532, 6.99
335537, 6.99
335542, 6.99
335547, 6.99
335552, 6.99
335557, 6.99
335562, 6.99
335567, 6.99
335572, 6.99
335577, 6.99
335582, 6.99
335587, 6.99
335592, 6.99
335597, 6.99
335602, 6.99
335607, 6.98
335612, 7.04
335617, 7.09
335622, 7.09
335627, 7.03
335632, 6.97
335637, 6.98
335642, 6.98
335647, 6.98
335652, 6.98
335657, 6.98
335662, 7.03
335667, 7.08
335672, 7.08
335677, 7.08
335682, 7.07
335687, 7.07
335692, 7.01
335697, 6.96
335702, 6.96
335707, 6.96
335712, 7.01
335717, 7.07
335722, 7.07
335727, 7.06
335732, 7.06
335737, 7.06
335742, 7.06
335747, 7.05
335752, 7.05
335757, 7.05
335762, 7.05
335767, 6.99
335772, 6.99
335777, 7.04
335782, 7.04
335787, 7.04
335792, 7.04
335797, 7.04
335802, 7.03
335807, 7.03
335812, 7.03
335817, 7.03
335822, 7.03
335827, 7.03
335832, 7.03
335837, 7.02
335842, 7.02
335847, 7.02
335852, 7.02
335857, 7.02
335862, 7.02
335867, 7.02
335872, 7.02
335877, 7.01
335882, 7.01
335887, 6.96
335892, 6.96
335897, 7.01
335902, 7.01
335907, 7.01
335912, 7.01
335917, 7.01
335922, 7.01
335927, 6.95
335932, 6.96
335937, 6.96
335942, 6.90
335947, 6.91
335952, 6.91
335957, 6.96
335962, 7.02
335967, 7.02
335972, 7.02
335977, 7.02
335982, 7.01
335987, 7.01
335992, 6.96
335997, 6.90
336002, 6.91
