359037, 0.00
359042, 0.00
359047, 0.00
359052, 0.00
359057, 0.05
359062, 0.16
359067, 0.26
359072, 0.42
359077, 0.57
359082, 0.71
359087, 0.90
359092, 1.09
359097, 1.27
359102, 1.45
359107, 1.62
359112, 1.84
359117, 2.06
359122, 2.21
359127, 2.36
359132, 2.55
359137, 2.74
359142, 2.93
359147, 3.11
359152, 3.23
359157, 3.40
359162, 3.56
359167, 3.72
359172, 3.88
359177, 4.03
359182, 4.17
359187, 4.31
359192, 4.45
359197, 4.58
359202, 4.71
359207, 4.83
359212, 4.95
359217, 5.07
359222, 5.24
359227, 5.35
359232, 5.45
359237, 5.61
359242, 5.70
359247, 5.74
359252, 5.83
359257, 5.98
359262, 6.06
359267, 6.15
359272, 6.23
359277, 6.30
359282, 6.43
359287, 6.50
359292, 6.57
359297, 6.64
359302, 6.70
359307, 6.77
359312, 6.83
359317, 6.94
359322, 6.99
359327, 7.05
359332, 7.15
359337, 7.20
359342, 7.25
359347, 7.30
359352, 7.34
359357, 7.38
359362, 7.42
359367, 7.46
359372, 7.50
359377, 7.60
359382, 7.63
359387, 7.61
359392, 7.64
359397, 7.73
359402, 7.76
359407, 7.74
359412, 7.77
359417, 7.85
359422, 7.88
359427, 7.91
359432, 7.93
359437, 7.96
359442, 7.98
359447, 7.95
359452, 7.97
359457, 8.00
359462, 8.02
359467, 8.04
359472, 8.06
359477, 8.08
359482, 8.10
359487, 8.12
359492, 8.09
359497, 8.11
359502, 8.13
359507, 8.14
359512, 8.16
359517, 8.18
359522, 8.20
359527, 8.21
359532, 8.23
359537, 8.19
359542, 8.15
359547, 8.17
359552, 8.19
359557, 8.20
359562, 8.22
359567, 8.24
359572, 8.25
359577, 8.21
359582, 8.23
359587, 8.24
359592, 8.20
359597, 8.22
359602, 8.24
359607, 8.20
359612, 8.21
359617, 8.23
359622, 8.25
359627, 8.26
359632, 8.22
359637, 8.24
359642, 8.25
359647, 8.21
359652, 8.17
359657, 8.19
359662, 8.21
359667, 8.22
359672, 8.24
359677, 8.20
359682, 8.22
359687, 8.23
359692, 8.19
359697, 8.16
359702, 8.17
359707, 8.19
359712, 8.15
359717, 8.17
359722, 8.19
359727, 8.21
359732, 8.22
359737, 8.18
359742, 8.15
359747, 8.11
359752, 8.13
359757, 8.15
359762, 8.11
359767, 8.13
359772, 8.15
359777, 8.11
359782, 8.13
359787, 8.15
359792, 8.11
359797, 8.13
359802, 8.15
359807, 8.11
359812, 8.08
359817, 8.10
359822, 8.12
359827, 8.08
359832, 8.10
359837, 8.12
359842, 8.09
359847, 8.05
359852, 8.07
359857, 8.09
359862, 8.06
359867, 8.08
359872, 8.10
359877, 8.07
359882, 8.09
359887, 8.11
359892, 8.07
359897, 8.04
359902, 8.06
359907, 8.08
359912, 8.05
359917, 8.01
359922, 8.03
359927, 8.06
359932, 8.08
359937, 8.10
359942, 8.06
359947, 8.03
359952, 8.05
359957, 8.07
359962, 8.04
359967, 8.06
359972, 8.08
359977, 8.05
359982, 8.01
359987, 8.04
359992, 8.06
359997, 8.02
360002, 8.04
360007, 8.07
360012, 8.03
360017, 8.00
360022, 8.02
360027, 8.04
360032, 8.01
360037, 8.03
360042, 8.05
360047, 8.02
360052, 7.99
360057, 8.01
360062, 8.03
360067, 8.00
360072, 8.02
360077, 8.05
360082, 8.01
360087, 8.04
360092, 8.06
360097, 8.02
360102, 8.05
360107, 8.07
360112, 8.03
360117, 8.00
360122, 8.02
360127, 8.04
360132, 8.01
360137, 7.98
360142, 8.00
360147, 8.03
360152, 7.99
360157, 8.02
360162, 8.04
360167, 8.00
360172, 7.97
360177, 8.00
360182, 8.02
360187, 7.99
360192, 8.01
360197, 8.03
360202, 8.00
360207, 8.02
360212, 8.04
360217, 8.01
360222, 7.98
360227, 7.95
360232, 7.97
360237, 8.00
360242, 8.02
360247, 8.04
360252, 8.01
360257, 7.98
360262, 8.00
360267, 8.02
360272, 7.99
360277, 7.96
360282, 7.98
360287, 8.00
360292, 7.97
360297, 8.00
360302, 8.02
360307, 7.99
360312, 8.01
360317, 8.03
360322, 8.00
360327, 7.97
360332, 7.94
360337, 7.96
360342, 7.99
360347, 8.01
360352, 8.03
360357, 8.00
360362, 7.97
360367, 7.99
360372, 8.01
360377, 7.98
360382, 7.95
360387, 7.97
360392, 8.00
360397, 7.97
360402, 7.99
360407, 8.01
360412, 7.98
360417, 8.00
360422, 8.03
360427, 7.99
360432, 7.96
360437, 7.93
360442, 7.96
360447, 7.98
360452, 8.00
360457, 8.03
360462, 7.99
360467, 8.02
360472, 8.04
360477, 8.01
360482, 7.97
360487, 7.94
360492, 7.97
360497, 7.99
360502, 7.96
360507, 7.98
360512, 8.01
360517, 8.03
360522, 8.05
360527, 8.02
360532, 7.99
360537, 7.95
360542, 7.98
360547, 8.00
360552, 7.97
360557, 7.99
360562, 8.02
360567, 7.98
360572, 8.01
360577, 8.03
360582, 8.00
360587, 7.97
360592, 7.99
360597, 8.01
360602, 7.98
360607, 8.00
360612, 8.03
360617, 7.99
360622, 8.02
360627, 8.04
360632, 8.00
360637, 7.97
360642, 8.00
360647, 8.02
360652, 7.99
360657, 8.01
360662, 8.03
360667, 8.00
360672, 8.02
360677, 8.04
360682, 8.01
360687, 7.98
360692, 8.00
360697, 8.02
360702, 7.99
360707, 7.96
360712, 7.98
360717, 8.01
360722, 8.03
360727, 8.05
360732, 8.02
360737, 7.99
360742, 8.01
360747, 8.03
360752, 8.00
360757, 8.02
360762, 8.04
360767, 8.01
360772, 7.98
360777, 8.00
360782, 8.02
360787, 7.99
360792, 8.01
360797, 8.04
360802, 8.00
360807, 7.97
360812, 8.00
360817, 8.02
360822, 7.99
360827, 8.01
360832, 8.03
360837, 8.00
360842, 7.97
360847, 7.99
360852, 8.01
360857, 7.98
360862, 7.95
360867, 7.97
360872, 8.00
360877, 7.97
360882, 7.99
360887, 8.01
360892, 7.98
360897, 8.00
360902, 8.03
360907, 7.99
360912, 7.96
360917, 7.99
360922, 8.01
360927, 7.98
360932, 8.00
360937, 8.02
360942, 7.99
360947, 7.96
360952, 7.98
360957, 8.01
360962, 7.97
360967, 8.00
360972, 8.02
360977, 7.99
360982, 8.01
360987, 8.03
360992, 8.00
360997, 8.02
361002, 8.04
361007, 8.01
361012, 7.98
361017, 8.00
361022, 8.03
361027, 7.99
361032, 8.02
361037, 8.04
361042, 8.01
361047, 7.97
361052, 8.00
361057, 8.02
361062, 7.99
361067, 7.96
361072, 7.98
361077, 8.00
361082, 7.97
361087, 7.99
361092, 8.02
361097, 7.99
361102, 8.01
361107, 8.03
361112, 8.00
361117, 7.97
361122, 7.99
361127, 8.01
361132, 7.98
361137, 8.00
361142, 8.03
361147, 7.99
361152, 7.96
361157, 7.99
361162, 8.01
361167, 7.98
361172, 8.00
361177, 8.02
361182, 7.99
361187, 7.96
361192, 7.98
361197, 8.01
361202, 8.03
361207, 8.05
361212, 8.02
361217, 7.99
361222, 7.95
361227, 7.98
361232, 8.00
361237, 7.97
361242, 7.99
361247, 8.02
361252, 7.98
361257, 8.01
361262, 8.03
361267, 8.00
361272, 7.97
361277, 7.99
361282, 8.01
361287, 7.98
361292, 8.00
361297, 8.03
361302, 7.99
361307, 8.02
361312, 8.04
361317, 8.00
361322, 7.97
361327, 8.00
361332, 8.02
361337, 7.99
361342, 8.01
361347, 8.03
361352, 8.00
361357, 8.02
361362, 8.04
361367, 8.01
361372, 7.98
361377, 8.00
361382, 8.02
361387, 7.99
361392, 8.02
361397, 8.04
361402, 8.00
361407, 8.03
361412, 8.05
361417, 8.02
361422, 7.98
361427, 7.95
361432, 7.98
361437, 8.00
361442, 7.97
361447, 7.99
361452, 8.01
361457, 7.98
361462, 8.01
361467, 8.03
361472, 8.00
361477, 7.96
361482, 7.99
361487, 8.01
361492, 7.98
361497, 8.00
361502, 8.02
361507, 7.99
361512, 8.01
361517, 8.04
361522, 8.00
361527, 7.97
361532, 7.94
361537, 7.97
361542, 7.99
361547, 8.01
361552, 8.03
361557, 8.00
361562, 7.97
361567, 7.99
361572, 8.02
361577, 7.98
361582, 7.95
361587, 7.98
361592, 8.00
361597, 7.97
361602, 7.99
361607, 8.02
361612, 7.98
361617, 8.01
361622, 8.03
361627, 8.00
361632, 7.96
361637, 7.99
361642, 8.01
361647, 7.98
361652, 8.00
361657, 8.02
361662, 7.99
361667, 7.96
361672, 7.98
361677, 8.01
361682, 7.98
361687, 8.00
361692, 8.02
361697, 7.99
361702, 7.96
361707, 7.98
361712, 8.01
361717, 7.97
361722, 8.00
361727, 8.02
361732, 7.99
361737, 7.96
361742, 7.98
361747, 8.00
361752, 8.03
361757, 8.05
361762, 8.01
361767, 7.98
361772, 8.01
361777, 8.03
361782, 8.00
361787, 8.02
361792, 8.04
361797, 8.01
361802, 7.98
361807, 8.00
361812, 8.02
361817, 7.99
361822, 8.01
361827, 8.03
361832, 8.00
361837, 7.97
361842, 7.99
361847, 8.02
361852, 7.98
361857, 8.01
361862, 8.03
361867, 8.00
361872, 8.02
361877, 8.04
361882, 8.01
361887, 7.98
361892, 8.00
361897, 8.02
361902, 7.99
361907, 7.96
361912, 7.98
361917, 8.01
361922, 8.03
361927, 8.05
361932, 8.02
361937, 7.98
361942, 8.01
361947, 8.03
361952, 8.00
361957, 8.02
361962, 8.04
361967, 8.01
361972, 7.98
361977, 8.00
361982, 8.02
361987, 7.99
361992, 8.01
361997, 8.04
362002, 8.00
362007, 7.97
362012, 7.99
362017, 8.02
362022, 7.99
362027, 8.01
362032, 8.03
362037, 8.00
362042, 8.02
362047, 8.04
362052, 8.01
362057, 7.98
362062, 8.00
362067, 8.02
362072, 7.99
362077, 8.01
362082, 8.04
362087, 8.00
362092, 8.03
362097, 8.05
362102, 8.01
362107, 7.98
362112, 7.95
362117, 7.98
362122, 8.00
362127, 8.02
362132, 8.04
362137, 8.01
362142, 7.98
362147, 8.00
362152, 8.02
362157, 7.99
362162, 7.96
362167, 7.98
362172, 8.01
362177, 7.98
362182, 8.00
362187, 8.02
362192, 7.99
362197, 8.01
362202, 8.03
362207, 8.00
362212, 7.97
362217, 7.94
362222, 7.96
362227, 7.99
362232, 7.96
362237, 7.98
362242, 8.00
362247, 7.97
362252, 7.99
362257, 8.02
362262, 7.99
362267, 7.95
362272, 7.98
362277, 8.00
362282, 7.97
362287, 7.99
362292, 8.02
362297, 7.98
362302, 8.01
362307, 8.03
362312, 8.00
362317, 7.97
362322, 7.99
362327, 8.01
362332, 7.98
362337, 8.00
362342, 8.03
362347, 7.99
362352, 7.96
362357, 7.99
362362, 8.01
362367, 7.98
362372, 8.00
362377, 8.02
362382, 7.99
362387, 7.96
362392, 7.98
362397, 8.01
362402, 8.03
362407, 8.05
362412, 8.02
362417, 7.98
362422, 7.95
362427, 7.98
362432, 8.00
362437, 7.97
362442, 7.99
362447, 8.02
362452, 7.98
362457, 8.01
362462, 8.03
362467, 8.00
362472, 7.96
362477, 7.99
362482, 8.01
362487, 7.98
362492, 8.00
362497, 8.02
362502, 7.99
362507, 8.02
362512, 8.04
362517, 8.00
362522, 7.97
362527, 8.00
362532, 8.02
362537, 7.99
362542, 8.01
362547, 8.03
362552, 8.00
362557, 8.02
362562, 8.04
362567, 8.01
362572, 7.98
362577, 8.00
362582, 8.02
362587, 7.99
362592, 8.01
362597, 8.04
362602, 8.00
362607, 8.03
362612, 8.05
362617, 8.02
362622, 7.98
362627, 8.01
362632, 8.03
362637, 8.00
362642, 8.02
362647, 8.04
362652, 8.01
362657, 7.98
362662, 8.00
362667, 8.02
362672, 7.99
362677, 8.01
362682, 8.03
362687, 8.00
362692, 7.97
362697, 7.99
362702, 8.02
362707, 8.04
362712, 8.06
362717, 8.03
362722, 7.99
362727, 7.96
362732, 7.99
362737, 8.01
362742, 7.98
362747, 8.00
362752, 8.02
362757, 7.99
362762, 8.01
362767, 8.04
362772, 8.00
362777, 8.03
362782, 8.05
362787, 8.01
362792, 7.98
362797, 7.95
362802, 7.98
362807, 8.00
362812, 8.02
362817, 8.04
362822, 8.01
362827, 7.98
362832, 8.00
362837, 8.02
362842, 7.99
362847, 7.96
362852, 7.98
362857, 8.01
362862, 7.98
362867, 8.00
362872, 8.02
362877, 7.99
362882, 8.01
362887, 8.03
362892, 8.00
362897, 7.97
362902, 7.99
362907, 8.02
362912, 7.98
362917, 8.01
362922, 8.03
362927, 8.00
362932, 8.02
362937, 8.04
362942, 8.01
362947, 7.98
362952, 8.00
362957, 8.02
362962, 7.99
362967, 8.01
362972, 8.03
362977, 8.00
362982, 7.97
362987, 7.99
362992, 8.02
362997, 7.98
363002, 7.95
363007, 7.98
363012, 8.00
363017, 7.97
363022, 7.99
363027, 8.02
363032, 7.98
363037, 7.95
363042, 7.98
363047, 8.00
363052, 7.97
363057, 7.99
363062, 8.01
363067, 7.98
363072, 8.01
363077, 8.03
363082, 8.00
363087, 8.02
363092, 8.04
363097, 8.01
363102, 7.98
363107, 7.94
363112, 7.97
363117, 7.99
363122, 8.01
363127, 8.04
363132, 8.00
363137, 8.03
363142, 8.05
363147, 8.02
363152, 7.98
363157, 8.01
363162, 8.03
363167, 8.00
363172, 7.96
363177, 7.99
363182, 8.01
363187, 7.98
363192, 8.00
363197, 8.02
363202, 7.99
363207, 7.96
363212, 7.98
363217, 8.01
363222, 7.98
363227, 8.00
363232, 8.02
363237, 7.99
363242, 8.01
363247, 8.03
363252, 8.00
363257, 7.97
363262, 7.99
363267, 8.02
363272, 7.98
363277, 8.01
363282, 8.03
363287, 8.00
363292, 8.02
363297, 8.04
363302, 8.01
363307, 7.98
363312, 8.00
363317, 8.02
363322, 7.99
363327, 8.01
363332, 8.04
363337, 8.00
363342, 8.03
363347, 8.05
363352, 8.01
363357, 7.98
363362, 8.00
363367, 8.03
363372, 7.99
363377, 8.02
363382, 8.04
363387, 8.01
363392, 8.03
363397, 8.05
363402, 8.02
363407, 7.99
363412, 8.01
363417, 8.03
363422, 8.00
363427, 7.97
363432, 7.99
363437, 8.01
363442, 7.98
363447, 8.00
363452, 8.03
363457, 7.99
363462, 7.96
363467, 7.99
363472, 8.01
363477, 7.98
363482, 7.95
363487, 7.97
363492, 7.99
363497, 8.02
363502, 8.04
363507, 8.01
363512, 7.97
363517, 7.94
363522, 7.97
363527, 7.99
363532, 7.96
363537, 7.98
363542, 8.01
363547, 7.98
363552, 8.00
363557, 8.02
363562, 7.99
363567, 7.96
363572, 7.98
363577, 8.00
363582, 7.97
363587, 8.00
363592, 8.02
363597, 7.99
363602, 8.01
363607, 8.03
363612, 8.00
363617, 7.97
363622, 7.94
363627, 7.96
363632, 7.99
363637, 7.95
363642, 7.98
363647, 8.00
363652, 7.97
363657, 7.99
363662, 8.02
363667, 7.98
363672, 7.95
363677, 7.98
363682, 8.00
363687, 7.97
363692, 7.99
363697, 8.01
363702, 7.98
363707, 8.01
363712, 8.03
363717, 8.00
363722, 7.96
363727, 7.99
363732, 8.01
363737, 7.98
363742, 8.00
363747, 8.02
363752, 7.99
363757, 7.96
363762, 7.98
363767, 8.01
363772, 7.98
363777, 8.00
363782, 8.02
363787, 7.99
363792, 7.96
363797, 7.98
363802, 8.00
363807, 8.03
363812, 8.05
363817, 8.02
363822, 7.98
363827, 8.01
363832, 8.03
363837, 8.00
363842, 8.02
363847, 8.04
363852, 8.01
363857, 7.98
363862, 8.00
363867, 8.02
363872, 8.04
363877, 8.07
363882, 8.03
363887, 8.00
363892, 7.97
363897, 7.99
363902, 8.01
363907, 7.98
363912, 8.01
363917, 8.03
363922, 7.99
363927, 8.02
363932, 8.04
363937, 8.01
363942, 7.98
363947, 8.00
363952, 8.02
363957, 7.99
363962, 8.01
363967, 8.03
363972, 8.00
363977, 8.02
363982, 8.05
363987, 8.01
363992, 7.98
363997, 8.00
364002, 8.03
364007, 7.99
364012, 8.02
364017, 8.04
364022, 8.01
364027, 8.03
364032, 8.05
364037, 8.02
364042, 7.98
364047, 8.01
364052, 8.03
364057, 8.00
364062, 7.97
364067, 7.99
364072, 8.01
364077, 8.03
364082, 8.06
364087, 8.02
364092, 7.99
364097, 7.96
364102, 7.98
364107, 8.01
364112, 7.97
364117, 8.00
364122, 8.02
364127, 7.99
364132, 8.01
364137, 8.03
364142, 8.00
364147, 7.97
364152, 7.99
364157, 8.01
364162, 7.98
364167, 7.95
364172, 7.98
364177, 8.00
364182, 7.97
364187, 7.99
364192, 8.01
364197, 7.98
364202, 7.95
364207, 7.97
364212, 8.00
364217, 7.97
364222, 7.99
364227, 8.01
364232, 7.98
364237, 8.00
364242, 8.03
364247, 7.99
364252, 7.96
364257, 7.99
364262, 8.01
364267, 7.98
364272, 8.00
364277, 8.02
364282, 7.99
364287, 8.01
364292, 8.04
364297, 8.00
364302, 7.97
364307, 7.94
364312, 7.97
364317, 7.99
364322, 7.96
364327, 7.98
364332, 8.00
364337, 7.97
364342, 8.00
364347, 8.02
364352, 7.99
364357, 7.96
364362, 7.98
364367, 8.00
364372, 7.97
364377, 7.99
364382, 8.02
364387, 7.98
364392, 8.01
364397, 8.03
364402, 8.00
364407, 7.97
364412, 7.99
364417, 8.01
364422, 7.98
364427, 8.00
364432, 8.03
364437, 7.99
364442, 8.02
364447, 8.04
364452, 8.01
364457, 7.97
364462, 8.00
364467, 8.02
364472, 7.99
364477, 8.01
364482, 8.03
364487, 8.00
364492, 8.02
364497, 8.04
364502, 8.01
364507, 7.98
364512, 8.00
364517, 8.03
364522, 7.99
364527, 8.02
364532, 8.04
364537, 8.00
364542, 8.03
364547, 8.05
364552, 8.02
364557, 7.98
364562, 8.01
364567, 8.03
364572, 8.00
364577, 7.97
364582, 7.99
364587, 8.01
364592, 7.98
364597, 8.00
364602, 8.03
364607, 7.99
364612, 7.96
364617, 7.99
364622, 8.01
364627, 7.98
364632, 8.00
364637, 8.02
364642, 7.99
364647, 8.01
364652, 8.03
364657, 8.00
364662, 8.02
364667, 8.05
364672, 8.01
364677, 7.98
364682, 8.00
364687, 8.03
364692, 7.99
364697, 8.02
364702, 8.04
364707, 8.01
364712, 7.97
364717, 8.00
364722, 8.02
364727, 7.99
364732, 8.01
364737, 8.03
364742, 8.00
364747, 7.97
364752, 7.99
364757, 8.02
364762, 7.98
364767, 8.01
364772, 8.03
364777, 8.00
364782, 7.96
364787, 7.93
364792, 7.96
364797, 7.98
364802, 8.01
364807, 8.03
364812, 8.00
364817, 7.96
364822, 7.99
364827, 8.01
364832, 7.98
364837, 7.95
364842, 7.97
364847, 8.00
364852, 7.96
364857, 7.99
364862, 8.01
364867, 7.98
364872, 8.00
364877, 8.02
364882, 7.99
364887, 7.96
364892, 7.98
364897, 8.01
364902, 7.98
364907, 8.00
364912, 8.02
364917, 7.99
364922, 8.01
364927, 8.03
364932, 8.00
364937, 7.97
364942, 7.99
364947, 8.02
364952, 7.98
364957, 8.01
364962, 8.03
364967, 8.00
364972, 8.02
364977, 8.04
364982, 8.01
364987, 7.98
364992, 7.95
364997, 7.97
365002, 7.99
365007, 8.02
365012, 8.04
365017, 8.01
365022, 7.97
365027, 8.00
365032, 8.02
365037, 7.99
365042, 7.96
365047, 7.98
365052, 8.00
365057, 7.97
365062, 8.00
365067, 8.02
365072, 7.99
365077, 8.01
365082, 8.03
365087, 8.00
365092, 7.97
365097, 7.99
365102, 8.01
365107, 7.98
365112, 8.00
365117, 8.03
365122, 7.99
365127, 8.02
365132, 8.04
365137, 8.01
365142, 7.97
365147, 8.00
365152, 8.02
365157, 7.99
365162, 8.01
365167, 8.03
365172, 8.00
365177, 8.02
365182, 8.04
365187, 8.01
365192, 7.98
365197, 8.00
365202, 8.03
365207, 7.99
365212, 8.02
365217, 8.04
365222, 8.01
365227, 7.97
365232, 8.00
365237, 8.02
365242, 7.99
365247, 8.01
365252, 8.03
365257, 8.00
365262, 7.97
365267, 7.99
365272, 8.01
365277, 8.04
365282, 8.06
365287, 8.02
365292, 7.99
365297, 7.96
365302, 7.98
365307, 8.01
365312, 8.03
365317, 8.05
365322, 8.02
365327, 7.99
365332, 8.01
365337, 8.03
365342, 8.00
365347, 7.97
365352, 7.99
365357, 8.01
365362, 7.98
365367, 8.00
365372, 8.03
365377, 7.99
365382, 8.02
365387, 8.04
365392, 8.01
365397, 7.97
365402, 8.00
365407, 8.02
365412, 7.99
365417, 8.01
365422, 8.03
365427, 8.00
365432, 7.97
365437, 7.99
365442, 8.02
365447, 7.98
365452, 7.95
365457, 7.98
365462, 8.00
365467, 7.97
365472, 7.99
365477, 8.01
365482, 7.98
365487, 8.01
365492, 8.03
365497, 8.00
365502, 7.96
365507, 7.99
365512, 8.01
365517, 7.98
365522, 8.00
365527, 8.02
365532, 7.99
365537, 7.96
365542, 7.98
365547, 8.01
365552, 7.98
365557, 8.00
365562, 8.02
365567, 7.99
365572, 7.96
365577, 7.98
365582, 8.00
365587, 7.97
365592, 8.00
365597, 8.02
365602, 7.99
365607, 7.96
365612, 7.98
365617, 8.00
365622, 7.97
365627, 7.99
365632, 8.02
365637, 7.99
365642, 8.01
365647, 8.03
365652, 8.00
365657, 8.02
365662, 8.04
365667, 8.01
365672, 7.98
365677, 7.95
365682, 7.97
365687, 7.99
365692, 8.02
365697, 8.04
365702, 8.01
365707, 7.97
365712, 8.00
365717, 8.02
365722, 7.99
365727, 8.01
365732, 8.03
365737, 8.00
365742, 7.97
365747, 7.99
365752, 8.02
365757, 8.04
365762, 8.06
365767, 8.03
365772, 7.99
365777, 7.96
365782, 7.99
365787, 8.01
365792, 8.03
365797, 8.05
365802, 8.02
365807, 7.99
365812, 8.01
365817, 8.03
365822, 8.00
365827, 7.97
365832, 7.99
365837, 8.01
365842, 7.98
365847, 8.01
365852, 8.03
365857, 8.00
365862, 8.02
365867, 8.04
365872, 8.01
365877, 7.98
365882, 8.00
365887, 8.02
365892, 7.99
365897, 8.01
365902, 8.03
365907, 8.00
365912, 8.02
365917, 8.05
365922, 8.01
365927, 7.98
365932, 8.00
365937, 8.03
365942, 7.99
365947, 7.96
365952, 7.99
365957, 8.01
365962, 7.98
365967, 8.00
365972, 8.02
365977, 7.99
365982, 7.96
365987, 7.98
365992, 8.01
365997, 7.97
366002, 8.00
366007, 8.02
366012, 7.99
366017, 8.01
366022, 8.03
366027, 8.00
366032, 7.97
366037, 7.99
366042, 8.02
366047, 7.98
366052, 7.95
366057, 7.98
366062, 8.00
366067, 8.02
366072, 8.04
366077, 8.01
366082, 7.98
366087, 7.95
366092, 7.97
366097, 8.00
366102, 7.96
366107, 7.99
366112, 8.01
366117, 7.98
366122, 8.00
366127, 8.02
366132, 7.99
366137, 7.96
366142, 7.98
366147, 8.01
366152, 7.98
366157, 8.00
366162, 8.02
366167, 7.99
366172, 8.01
366177, 8.03
366182, 8.00
366187, 7.97
366192, 7.99
366197, 8.02
366202, 7.98
366207, 8.01
366212, 8.03
366217, 8.00
366222, 7.97
366227, 7.99
366232, 8.01
366237, 7.98
366242, 8.00
366247, 8.03
366252, 7.99
366257, 7.96
366262, 7.99
366267, 8.01
366272, 8.03
366277, 8.05
366282, 8.02
366287, 7.99
366292, 7.96
366297, 7.98
366302, 8.00
366307, 7.97
366312, 7.99
366317, 8.02
366322, 7.99
366327, 8.01
366332, 8.03
366337, 8.00
366342, 8.02
366347, 8.04
366352, 8.01
366357, 7.98
366362, 8.00
366367, 8.02
366372, 7.99
366377, 8.01
366382, 8.04
366387, 8.00
366392, 8.03
366397, 8.05
366402, 8.01
366407, 7.98
366412, 8.01
366417, 8.03
366422, 8.00
366427, 8.02
366432, 8.04
366437, 8.01
366442, 8.03
366447, 8.05
366452, 8.02
366457, 7.99
366462, 8.01
366467, 8.03
366472, 8.00
366477, 8.02
366482, 8.04
366487, 8.01
366492, 8.03
366497, 8.05
366502, 8.02
366507, 7.99
366512, 8.01
366517, 8.03
366522, 8.00
366527, 8.02
366532, 8.04
366537, 8.01
366542, 8.03
366547, 8.06
366552, 8.02
366557, 7.99
366562, 7.96
366567, 7.98
366572, 8.01
366577, 8.03
366582, 8.05
366587, 8.02
366592, 7.98
366597, 8.01
366602, 8.03
366607, 8.00
366612, 7.97
366617, 7.99
366622, 8.01
366627, 7.98
366632, 8.00
366637, 8.03
366642, 7.99
366647, 8.02
366652, 8.04
366657, 8.01
366662, 7.97
366667, 7.94
366672, 7.97
366677, 7.99
366682, 8.01
366687, 8.04
366692, 8.00
366697, 7.97
366702, 7.99
366707, 8.02
366712, 7.99
366717, 7.95
366722, 7.98
366727, 8.00
366732, 7.97
366737, 7.94
366742, 7.96
366747, 7.99
366752, 8.01
366757, 8.03
366762, 8.00
366767, 7.97
366772, 7.94
366777, 7.96
366782, 7.99
366787, 7.95
366792, 7.98
366797, 8.00
366802, 7.97
366807, 7.94
366812, 7.96
366817, 7.99
366822, 7.96
366827, 7.98
366832, 8.00
366837, 7.97
366842, 8.00
366847, 8.02
366852, 7.99
366857, 8.01
366862, 8.03
366867, 8.00
366872, 7.97
366877, 7.94
366882, 7.96
366887, 7.98
366892, 8.01
366897, 8.03
366902, 8.00
366907, 7.97
366912, 7.99
366917, 8.01
366922, 7.98
366927, 7.95
366932, 7.97
366937, 8.00
366942, 7.97
366947, 7.99
366952, 8.01
366957, 7.98
366962, 8.00
366967, 8.03
366972, 7.99
366977, 7.96
366982, 7.99
366987, 8.01
366992, 7.98
366997, 8.00
367002, 8.02
367007, 7.99
367012, 8.01
367017, 8.03
367022, 8.00
367027, 7.97
367032, 7.99
367037, 8.02
367042, 7.98
367047, 8.01
367052, 8.03
367057, 8.00
367062, 8.02
367067, 8.04
367072, 8.01
367077, 7.98
367082, 8.00
367087, 8.02
367092, 7.99
367097, 8.01
367102, 8.04
367107, 8.00
367112, 8.03
367117, 8.05
367122, 8.01
367127, 7.98
367132, 8.01
367137, 8.03
367142, 8.00
367147, 8.02
367152, 8.04
367157, 8.01
367162, 8.03
367167, 8.05
367172, 8.02
367177, 7.99
367182, 8.01
367187, 8.03
367192, 8.00
367197, 8.02
367202, 8.04
367207, 8.01
367212, 7.98
367217, 8.00
367222, 8.02
367227, 7.99
367232, 8.01
367237, 8.04
367242, 8.00
367247, 7.97
367252, 8.00
367257, 8.02
367262, 7.99
367267, 8.01
367272, 8.03
367277, 8.00
367282, 7.97
367287, 7.99
367292, 8.01
367297, 7.98
367302, 8.00
367307, 8.03
367312, 7.99
367317, 7.96
367322, 7.99
367327, 8.01
367332, 7.98
367337, 8.00
367342, 8.02
367347, 7.99
367352, 7.96
367357, 7.98
367362, 8.01
367367, 7.97
367372, 8.00
367377, 8.02
367382, 7.99
367387, 7.96
367392, 7.98
367397, 8.00
367402, 7.97
367407, 8.00
367412, 8.02
367417, 7.99
367422, 7.96
367427, 7.98
367432, 8.00
367437, 7.97
367442, 7.99
367447, 8.02
367452, 7.98
367457, 7.95
367462, 7.98
367467, 8.00
367472, 8.02
367477, 8.05
367482, 8.01
367487, 7.98
367492, 8.00
367497, 8.03
367502, 7.99
367507, 7.96
367512, 7.99
367517, 8.01
367522, 7.98
367527, 7.95
367532, 7.97
367537, 7.99
367542, 7.96
367547, 7.99
367552, 8.01
367557, 7.98
367562, 8.00
367567, 8.02
367572, 7.99
367577, 8.01
367582, 8.04
367587, 8.00
367592, 7.97
367597, 7.99
367602, 8.02
367607, 7.99
367612, 8.01
367617, 8.03
367622, 8.00
367627, 8.02
367632, 8.04
367637, 8.01
367642, 8.03
367647, 8.05
367652, 8.02
367657, 7.99
367662, 7.96
367667, 7.98
367672, 8.00
367677, 8.03
367682, 8.05
367687, 8.01
367692, 7.98
367697, 8.01
367702, 8.03
367707, 8.00
367712, 7.96
367717, 7.99
367722, 8.01
367727, 7.98
367732, 8.00
367737, 8.02
367742, 7.99
367747, 8.01
367752, 8.04
367757, 8.00
367762, 7.97
367767, 8.00
367772, 8.02
367777, 7.99
367782, 8.01
367787, 8.03
367792, 8.00
367797, 8.02
367802, 8.04
367807, 8.01
367812, 7.98
367817, 8.00
367822, 8.02
367827, 7.99
367832, 8.01
367837, 8.04
367842, 8.00
367847, 8.03
367852, 8.05
367857, 8.02
367862, 7.98
367867, 8.01
367872, 8.03
367877, 8.00
367882, 8.02
367887, 8.04
367892, 8.01
367897, 7.98
367902, 8.00
367907, 8.02
367912, 7.99
367917, 7.96
367922, 7.98
367927, 8.01
367932, 7.97
367937, 8.00
367942, 8.02
367947, 7.99
367952, 8.01
367957, 8.03
367962, 8.00
367967, 7.97
367972, 7.99
367977, 8.01
367982, 7.98
367987, 7.95
367992, 7.98
367997, 8.00
368002, 7.97
368007, 7.99
368012, 8.01
368017, 7.98
368022, 7.95
368027, 7.97
368032, 8.00
368037, 7.97
368042, 7.99
368047, 8.01
368052, 8.03
368057, 8.06
368062, 8.02
368067, 7.99
368072, 7.96
368077, 7.98
368082, 8.01
368087, 7.97
368092, 8.00
368097, 8.02
368102, 7.99
368107, 8.01
368112, 8.03
368117, 8.00
368122, 7.97
368127, 7.94
368132, 7.96
368137, 7.99
368142, 7.96
368147, 7.98
368152, 8.00
368157, 7.97
368162, 7.99
368167, 8.02
368172, 7.98
368177, 7.95
368182, 7.98
368187, 8.00
368192, 7.97
368197, 7.99
368202, 8.02
368207, 7.98
368212, 8.01
368217, 8.03
368222, 8.00
368227, 7.96
368232, 7.99
368237, 8.01
368242, 7.98
368247, 8.00
368252, 8.03
368257, 7.99
368262, 8.02
368267, 8.04
368272, 8.00
368277, 7.97
368282, 8.00
368287, 8.02
368292, 7.99
368297, 8.01
368302, 8.03
368307, 8.00
368312, 7.97
368317, 7.99
368322, 8.01
368327, 7.98
368332, 8.01
368337, 8.03
368342, 8.00
368347, 7.96
368352, 7.99
368357, 8.01
368362, 8.03
368367, 8.05
368372, 8.02
368377, 7.99
368382, 8.01
368387, 8.03
368392, 8.00
368397, 8.02
368402, 8.05
368407, 8.01
368412, 8.03
368417, 8.06
368422, 8.02
368427, 7.99
368432, 8.01
368437, 8.04
368442, 8.00
368447, 7.97
368452, 7.99
368457, 8.02
368462, 8.04
368467, 8.06
368472, 8.03
368477, 7.99
368482, 7.96
368487, 7.99
368492, 8.01
368497, 7.98
368502, 8.00
368507, 8.02
368512, 7.99
368517, 7.96
368522, 7.98
368527, 8.01
368532, 7.97
368537, 8.00
368542, 8.02
368547, 7.99
368552, 7.96
368557, 7.98
368562, 8.00
368567, 7.97
368572, 8.00
368577, 8.02
368582, 7.99
368587, 8.01
368592, 8.03
368597, 8.00
368602, 7.97
368607, 7.99
368612, 8.01
368617, 7.98
368622, 8.00
368627, 8.03
368632, 7.99
368637, 8.02
368642, 8.04
368647, 8.01
368652, 7.98
368657, 7.94
368662, 7.97
368667, 7.99
368672, 7.96
368677, 7.98
368682, 8.01
368687, 7.98
368692, 8.00
368697, 8.02
368702, 7.99
368707, 7.96
368712, 7.98
368717, 8.00
368722, 7.97
368727, 7.94
368732, 7.97
368737, 7.99
368742, 8.01
368747, 8.04
368752, 8.00
368757, 7.97
368762, 7.94
368767, 7.96
368772, 7.99
368777, 7.96
368782, 7.98
368787, 8.00
368792, 7.97
368797, 8.00
368802, 8.02
368807, 7.99
368812, 7.96
368817, 7.98
368822, 8.00
368827, 7.97
368832, 7.99
368837, 8.02
368842, 7.98
368847, 8.01
368852, 8.03
368857, 8.00
368862, 7.97
368867, 7.99
368872, 8.01
368877, 7.98
368882, 8.00
368887, 8.03
368892, 7.99
368897, 8.02
368902, 8.04
368907, 8.01
368912, 7.97
368917, 8.00
368922, 8.02
368927, 7.99
368932, 8.01
368937, 8.03
368942, 8.00
368947, 8.02
368952, 8.04
368957, 8.01
368962, 7.98
368967, 8.00
368972, 8.03
368977, 7.99
368982, 8.02
368987, 8.04
368992, 8.00
368997, 8.03
369002, 8.05
369007, 8.02
369012, 8.04
369017, 8.06
369022, 8.03
369027, 7.99
369032, 8.02
