26058, 0.00
26063, 0.00
26068, 0.00
26073, 0.00
26078, 0.00
26083, 0.00
26088, 0.05
26093, 0.11
26098, 0.10
26103, 0.10
26108, 0.10
26113, 0.15
26118, 0.20
26123, 0.19
26128, 0.19
26133, 0.23
26138, 0.28
26143, 0.27
26148, 0.26
26153, 0.25
26158, 0.30
26163, 0.35
26168, 0.34
26173, 0.32
26178, 0.37
26183, 0.41
26188, 0.40
26193, 0.39
26198, 0.37
26203, 0.36
26208, 0.41
26213, 0.45
26218, 0.43
26223, 0.47
26228, 0.51
26233, 0.50
26238, 0.48
26243, 0.47
26248, 0.51
26253, 0.54
26258, 0.53
26263, 0.57
26268, 0.60
26273, 0.58
26278, 0.57
26283, 0.55
26288, 0.58
26293, 0.62
26298, 0.60
26303, 0.64
26308, 0.67
26313, 0.65
26318, 0.63
26323, 0.61
26328, 0.65
26333, 0.68
26338, 0.71
26343, 0.74
26348, 0.72
26353, 0.70
26358, 0.68
26363, 0.71
26368, 0.74
26373, 0.72
26378, 0.75
26383, 0.78
26388, 0.76
26393, 0.73
26398, 0.77
26403, 0.80
26408, 0.77
26413, 0.80
26418, 0.83
26423, 0.81
26428, 0.78
26433, 0.81
26438, 0.84
26443, 0.81
26448, 0.84
26453, 0.87
26458, 0.84
26463, 0.82
26468, 0.85
26473, 0.87
26478, 0.85
26483, 0.87
26488, 0.90
26493, 0.87
26498, 0.85
26503, 0.87
26508, 0.90
26513, 0.87
26518, 0.90
26523, 0.93
26528, 0.90
26533, 0.87
26538, 0.84
26543, 0.87
26548, 0.90
26553, 0.92
26558, 0.95
26563, 0.92
26568, 0.89
26573, 0.86
26578, 0.89
26583, 0.92
26588, 0.94
26593, 0.97
26598, 0.94
26603, 0.91
26608, 0.88
26613, 0.91
26618, 0.93
26623, 0.96
26628, 0.98
26633, 0.95
26638, 0.92
26643, 0.89
26648, 0.92
26653, 0.95
26658, 0.97
26663, 1.00
26668, 0.96
26673, 0.93
26678, 0.91
26683, 0.93
26688, 0.96
26693, 0.98
26698, 1.00
26703, 0.97
26708, 0.94
26713, 0.91
26718, 0.94
26723, 0.97
26728, 0.99
26733, 1.01
26738, 0.98
26743, 0.95
26748, 0.98
26753, 1.00
26758, 0.97
26763, 0.99
26768, 1.02
26773, 0.98
26778, 0.95
26783, 0.98
26788, 1.00
26793, 1.03
26798, 1.05
26803, 1.01
26808, 0.98
26813, 1.01
26818, 1.03
26823, 1.00
26828, 1.02
26833, 1.04
26838, 1.01
26843, 0.98
26848, 1.00
26853, 1.03
26858, 0.99
26863, 1.02
26868, 1.04
26873, 1.01
26878, 0.98
26883, 1.00
26888, 1.02
26893, 0.99
26898, 1.02
26903, 1.04
26908, 1.01
26913, 0.97
26918, 1.00
26923, 1.02
26928, 0.99
26933, 1.01
26938, 1.04
26943, 1.00
26948, 0.97
26953, 1.00
26958, 1.02
26963, 0.99
26968, 1.01
26973, 1.03
26978, 1.00
26983, 0.97
26988, 0.94
26993, 0.97
26998, 0.99
27003, 1.01
27008, 1.04
27013, 1.00
27018, 0.97
27023, 0.94
27028, 0.97
27033, 0.99
27038, 1.02
27043, 1.04
27048, 1.01
27053, 0.97
27058, 0.94
27063, 0.97
27068, 0.99
27073, 1.02
27078, 1.04
27083, 1.01
27088, 0.98
27093, 0.95
27098, 0.97
27103, 0.99
27108, 1.02
27113, 1.04
27118, 1.01
27123, 0.98
27128, 0.95
27133, 0.97
27138, 1.00
27143, 1.02
27148, 1.04
27153, 1.01
27158, 0.98
27163, 1.00
27168, 1.02
27173, 0.99
27178, 1.02
27183, 1.04
27188, 1.01
27193, 0.98
27198, 1.00
27203, 1.02
27208, 0.99
27213, 1.01
27218, 1.04
27223, 1.00
27228, 0.97
27233, 1.00
27238, 1.02
27243, 0.99
27248, 1.01
27253, 1.03
27258, 1.00
27263, 0.97
27268, 1.00
27273, 1.02
27278, 1.04
27283, 1.06
27288, 1.03
27293, 1.00
27298, 0.97
27303, 0.99
27308, 1.01
27313, 0.98
27318, 1.01
27323, 1.03
27328, 1.00
27333, 0.97
27338, 0.99
27343, 1.01
27348, 0.98
27353, 1.01
27358, 1.03
27363, 1.00
27368, 0.97
27373, 0.99
27378, 1.01
27383, 0.98
27388, 1.01
27393, 1.03
27398, 1.00
27403, 0.97
27408, 0.94
27413, 0.96
27418, 0.99
27423, 1.01
27428, 1.03
27433, 1.00
27438, 0.97
27443, 0.94
27448, 0.96
27453, 0.99
27458, 1.01
27463, 1.03
27468, 1.00
27473, 0.97
27478, 0.94
27483, 0.97
27488, 0.99
27493, 0.96
27498, 0.98
27503, 1.01
27508, 0.98
27513, 0.95
27518, 0.92
27523, 0.94
27528, 0.97
27533, 0.94
27538, 0.96
27543, 0.99
27548, 0.96
27553, 0.93
27558, 0.90
27563, 0.92
27568, 0.95
27573, 0.97
27578, 1.00
27583, 0.97
27588, 0.94
27593, 0.91
27598, 0.93
27603, 0.96
27608, 0.98
27613, 1.01
27618, 0.98
27623, 0.95
27628, 0.97
27633, 0.99
27638, 0.96
27643, 0.99
27648, 1.01
27653, 0.98
27658, 0.95
27663, 0.97
27668, 1.00
27673, 1.02
27678, 1.04
27683, 1.01
27688, 0.98
27693, 0.95
27698, 0.97
27703, 1.00
27708, 1.02
27713, 1.04
27718, 1.01
27723, 0.98
27728, 1.00
27733, 1.03
27738, 1.00
27743, 1.02
27748, 1.04
27753, 1.01
27758, 0.98
27763, 1.00
27768, 1.02
27773, 1.05
27778, 1.07
27783, 1.04
27788, 1.00
27793, 0.97
27798, 1.00
27803, 1.02
27808, 0.99
27813, 1.01
27818, 1.03
27823, 1.00
27828, 0.97
27833, 0.99
27838, 1.02
27843, 0.99
27848, 1.01
27853, 1.03
27858, 1.00
27863, 0.97
27868, 0.99
27873, 1.02
27878, 1.04
27883, 1.06
27888, 1.03
27893, 1.00
27898, 0.97
27903, 0.99
27908, 1.01
27913, 1.04
27918, 1.06
27923, 1.03
27928, 0.99
27933, 0.96
27938, 0.99
27943, 1.01
27948, 1.03
27953, 1.06
27958, 1.02
27963, 0.99
27968, 0.96
27973, 0.98
27978, 1.01
27983, 1.03
27988, 1.05
27993, 1.02
27998, 0.99
28003, 0.96
28008, 0.98
28013, 1.01
28018, 1.03
28023, 1.05
28028, 1.02
28033, 0.99
28038, 1.01
28043, 1.03
28048, 1.00
28053, 1.02
28058, 1.05
28063, 1.01
28068, 0.98
28073, 1.01
28078, 1.03
28083, 1.05
28088, 1.07
28093, 1.04
28098, 1.01
28103, 0.98
28108, 1.00
28113, 1.02
28118, 1.05
28123, 1.07
28128, 1.03
28133, 1.00
28138, 0.97
28143, 1.00
28148, 1.02
28153, 1.04
28158, 1.06
28163, 1.03
28168, 1.00
28173, 1.02
28178, 1.04
28183, 1.01
28188, 1.03
28193, 1.06
28198, 1.02
28203, 0.99
28208, 0.96
28213, 0.99
28218, 1.01
28223, 1.03
28228, 1.05
28233, 1.02
28238, 0.99
28243, 0.96
28248, 0.98
28253, 1.01
28258, 1.03
28263, 1.05
28268, 1.02
28273, 0.99
28278, 0.96
28283, 0.98
28288, 1.01
28293, 1.03
28298, 1.05
28303, 1.02
28308, 0.99
28313, 0.96
28318, 0.98
28323, 1.00
28328, 0.97
28333, 1.00
28338, 1.02
28343, 0.99
28348, 0.96
28353, 0.98
28358, 1.01
28363, 0.97
28368, 1.00
28373, 1.02
28378, 0.99
28383, 0.96
28388, 0.98
28393, 1.01
28398, 1.03
28403, 1.05
28408, 1.02
28413, 0.99
28418, 0.96
28423, 0.98
28428, 1.01
28433, 1.03
28438, 1.05
28443, 1.02
28448, 0.99
28453, 0.96
28458, 0.98
28463, 1.00
28468, 1.03
28473, 1.05
28478, 1.02
28483, 0.99
28488, 1.01
28493, 1.03
28498, 1.00
28503, 1.02
28508, 1.05
28513, 1.01
28518, 0.98
28523, 1.01
28528, 1.03
28533, 1.00
28538, 1.02
28543, 1.04
28548, 1.01
28553, 0.98
28558, 1.00
28563, 1.03
28568, 0.99
28573, 1.02
28578, 1.04
28583, 1.01
28588, 0.98
28593, 1.00
28598, 1.02
28603, 0.99
28608, 1.01
28613, 1.04
28618, 1.00
28623, 0.97
28628, 0.94
28633, 0.97
28638, 0.99
28643, 1.02
28648, 1.04
28653, 1.01
28658, 0.98
28663, 0.95
28668, 0.97
28673, 0.99
28678, 0.96
28683, 0.99
28688, 1.01
28693, 0.98
28698, 0.95
28703, 0.97
28708, 1.00
28713, 0.97
28718, 0.99
28723, 1.01
28728, 0.98
28733, 0.95
28738, 0.98
28743, 1.00
28748, 0.97
28753, 0.99
28758, 1.02
28763, 0.99
28768, 0.96
28773, 0.98
28778, 1.00
28783, 0.97
28788, 1.00
28793, 1.02
28798, 0.99
28803, 0.96
28808, 0.98
28813, 1.01
28818, 1.03
28823, 1.05
28828, 1.02
28833, 0.99
28838, 0.96
28843, 0.98
28848, 1.00
28853, 0.97
28858, 1.00
28863, 1.02
28868, 0.99
28873, 0.96
28878, 0.98
28883, 1.01
28888, 1.03
28893, 1.05
28898, 1.02
28903, 0.99
28908, 1.01
28913, 1.03
28918, 1.00
28923, 1.02
28928, 1.05
28933, 1.01
28938, 0.98
28943, 1.01
28948, 1.03
28953, 1.00
28958, 1.02
28963, 1.04
28968, 1.01
28973, 0.98
28978, 1.00
28983, 1.03
28988, 0.99
28993, 1.02
28998, 1.04
29003, 1.01
29008, 0.98
29013, 1.00
29018, 1.02
29023, 0.99
29028, 1.02
29033, 1.04
29038, 1.01
29043, 0.97
29048, 1.00
29053, 1.02
29058, 0.99
29063, 1.01
29068, 1.04
29073, 1.00
29078, 0.97
29083, 0.94
29088, 0.97
29093, 0.99
29098, 0.96
29103, 0.99
29108, 1.01
29113, 0.98
29118, 0.95
29123, 0.92
29128, 0.94
29133, 0.97
29138, 0.94
29143, 0.96
29148, 0.99
29153, 0.96
29158, 0.93
29163, 0.90
29168, 0.92
29173, 0.95
29178, 0.92
29183, 0.95
29188, 0.97
29193, 0.94
29198, 0.91
29203, 0.94
29208, 0.96
29213, 0.93
29218, 0.96
29223, 0.98
29228, 0.95
29233, 0.92
29238, 0.95
29243, 0.97
29248, 1.00
29253, 1.02
29258, 0.99
29263, 0.96
29268, 0.93
29273, 0.95
29278, 0.98
29283, 1.00
29288, 1.02
29293, 0.99
29298, 0.96
29303, 0.99
29308, 1.01
29313, 0.98
29318, 1.00
29323, 1.03
29328, 0.99
29333, 0.96
29338, 0.99
29343, 1.01
29348, 1.03
29353, 1.06
29358, 1.02
29363, 0.99
29368, 1.01
29373, 1.04
29378, 1.00
29383, 1.03
29388, 1.05
29393, 1.02
29398, 0.99
29403, 1.01
29408, 1.03
29413, 1.00
29418, 1.02
29423, 1.05
29428, 1.01
29433, 0.98
29438, 1.01
29443, 1.03
29448, 1.00
29453, 1.02
29458, 1.04
29463, 1.01
29468, 0.98
29473, 1.00
29478, 1.03
29483, 0.99
29488, 1.02
29493, 1.04
29498, 1.01
29503, 0.98
29508, 1.00
29513, 1.02
29518, 0.99
29523, 1.01
29528, 1.04
29533, 1.01
29538, 0.97
29543, 1.00
29548, 1.02
29553, 0.99
29558, 1.01
29563, 1.04
29568, 1.00
29573, 0.97
29578, 1.00
29583, 1.02
29588, 0.99
29593, 1.01
29598, 1.03
29603, 1.00
29608, 0.97
29613, 1.00
29618, 1.02
29623, 0.99
29628, 1.01
29633, 1.03
29638, 1.00
29643, 0.97
29648, 0.99
29653, 1.02
29658, 0.99
29663, 1.01
29668, 1.03
29673, 1.00
29678, 0.97
29683, 0.99
29688, 1.02
29693, 0.99
29698, 1.01
29703, 1.03
29708, 1.00
29713, 0.97
29718, 0.99
29723, 1.02
29728, 1.04
29733, 1.06
29738, 1.03
29743, 1.00
29748, 1.02
29753, 1.04
29758, 1.01
29763, 1.03
29768, 1.05
29773, 1.02
29778, 0.99
29783, 1.01
29788, 1.04
29793, 1.00
29798, 1.03
29803, 1.05
29808, 1.02
29813, 0.99
29818, 1.01
29823, 1.03
29828, 1.00
29833, 1.02
29838, 1.04
29843, 1.01
29848, 0.98
29853, 1.00
29858, 1.03
29863, 1.05
29868, 1.07
29873, 1.04
29878, 1.01
29883, 0.98
29888, 1.00
29893, 1.02
29898, 0.99
29903, 1.01
29908, 1.04
29913, 1.00
29918, 0.97
29923, 1.00
29928, 1.02
29933, 0.99
29938, 1.01
29943, 1.03
29948, 1.00
29953, 0.97
29958, 1.00
29963, 1.02
29968, 0.99
29973, 1.01
29978, 1.03
29983, 1.00
29988, 0.97
29993, 0.94
29998, 0.97
30003, 0.99
30008, 1.01
30013, 1.04
30018, 1.00
30023, 0.97
30028, 0.94
30033, 0.97
30038, 0.99
30043, 1.01
30048, 1.04
30053, 1.01
30058, 0.97
30063, 0.94
30068, 0.97
30073, 0.99
30078, 1.02
30083, 1.04
30088, 1.01
30093, 0.98
30098, 1.00
30103, 1.02
30108, 0.99
30113, 1.01
30118, 1.04
30123, 1.00
30128, 0.97
30133, 1.00
30138, 1.02
30143, 0.99
30148, 1.01
30153, 1.03
30158, 1.00
30163, 0.97
30168, 1.00
30173, 1.02
30178, 0.99
30183, 1.01
30188, 1.03
30193, 1.00
30198, 0.97
30203, 0.99
30208, 1.02
30213, 0.99
30218, 1.01
30223, 1.03
30228, 1.00
30233, 0.97
30238, 0.99
30243, 1.02
30248, 0.99
30253, 1.01
30258, 1.03
30263, 1.00
30268, 0.97
30273, 0.99
30278, 1.02
30283, 0.98
30288, 1.01
30293, 1.03
30298, 1.00
30303, 0.97
30308, 0.99
30313, 1.02
30318, 0.98
30323, 1.01
30328, 1.03
30333, 1.00
30338, 0.97
30343, 0.94
30348, 0.96
30353, 0.99
30358, 1.01
30363, 1.03
30368, 1.00
30373, 0.97
30378, 0.99
30383, 1.02
30388, 0.99
30393, 1.01
30398, 1.03
30403, 1.00
30408, 0.97
30413, 0.99
30418, 1.02
30423, 0.99
30428, 1.01
30433, 1.03
30438, 1.00
30443, 0.97
30448, 0.99
30453, 1.02
30458, 0.98
30463, 1.01
30468, 1.03
30473, 1.00
30478, 0.97
30483, 0.99
30488, 1.02
30493, 1.04
30498, 1.06
30503, 1.03
30508, 1.00
30513, 0.96
30518, 0.99
30523, 1.01
30528, 1.03
30533, 1.06
30538, 1.02
30543, 0.99
30548, 1.02
30553, 1.04
30558, 1.01
30563, 1.03
30568, 1.05
30573, 1.02
30578, 0.99
30583, 1.01
30588, 1.03
30593, 1.00
30598, 1.02
30603, 1.05
30608, 1.01
30613, 0.98
30618, 1.01
30623, 1.03
30628, 1.00
30633, 1.02
30638, 1.04
30643, 1.01
30648, 0.98
30653, 0.95
30658, 0.97
30663, 1.00
30668, 0.97
30673, 0.99
30678, 1.01
30683, 0.98
30688, 0.95
30693, 0.92
30698, 0.95
30703, 0.97
30708, 0.94
30713, 0.97
30718, 0.99
30723, 0.96
30728, 0.93
30733, 0.90
30738, 0.93
30743, 0.95
30748, 0.92
30753, 0.95
30758, 0.97
30763, 0.94
30768, 0.92
30773, 0.94
30778, 0.97
30783, 0.94
30788, 0.96
30793, 0.99
30798, 0.95
30803, 0.93
30808, 0.95
30813, 0.98
30818, 0.94
30823, 0.97
30828, 0.99
30833, 0.96
30838, 0.93
30843, 0.96
30848, 0.98
30853, 0.95
30858, 0.98
30863, 1.00
30868, 0.97
30873, 0.94
30878, 0.96
30883, 0.99
30888, 1.01
30893, 1.03
30898, 1.00
30903, 0.97
30908, 0.94
30913, 0.97
30918, 0.99
30923, 1.01
30928, 1.04
30933, 1.00
30938, 0.97
30943, 1.00
30948, 1.02
30953, 0.99
30958, 1.01
30963, 1.03
30968, 1.00
30973, 0.97
30978, 1.00
30983, 1.02
30988, 1.04
30993, 1.06
30998, 1.03
31003, 1.00
31008, 1.02
31013, 1.04
31018, 1.01
31023, 1.03
31028, 1.06
31033, 1.02
31038, 0.99
31043, 1.02
31048, 1.04
31053, 1.06
31058, 1.08
31063, 1.05
31068, 1.02
31073, 1.04
31078, 1.06
31083, 1.03
31088, 1.05
31093, 1.07
31098, 1.04
31103, 1.01
31108, 1.03
31113, 1.05
31118, 1.02
31123, 1.04
31128, 1.06
31133, 1.03
31138, 1.00
31143, 1.02
31148, 1.04
31153, 1.01
31158, 1.03
31163, 1.06
31168, 1.02
31173, 0.99
31178, 1.01
31183, 1.04
31188, 1.01
31193, 1.03
31198, 1.05
31203, 1.02
31208, 0.99
31213, 0.96
31218, 0.98
31223, 1.00
31228, 1.03
31233, 1.05
31238, 1.02
31243, 0.99
31248, 0.95
31253, 0.98
31258, 1.00
31263, 1.03
31268, 1.05
31273, 1.02
31278, 0.98
31283, 1.01
31288, 1.03
31293, 1.00
31298, 1.02
31303, 1.04
31308, 1.01
31313, 0.98
31318, 1.00
31323, 1.03
31328, 1.00
31333, 1.02
31338, 1.04
31343, 1.01
31348, 0.98
31353, 1.00
31358, 1.02
31363, 0.99
31368, 1.02
31373, 1.04
31378, 1.01
31383, 0.98
31388, 1.00
31393, 1.02
31398, 0.99
31403, 1.01
31408, 1.04
31413, 1.00
31418, 0.97
31423, 1.00
31428, 1.02
31433, 0.99
31438, 1.01
31443, 1.03
31448, 1.00
31453, 0.97
31458, 1.00
31463, 1.02
31468, 1.04
31473, 1.06
31478, 1.03
31483, 1.00
31488, 0.97
31493, 0.99
31498, 1.01
31503, 0.98
31508, 1.01
31513, 1.03
31518, 1.00
31523, 0.97
31528, 0.99
31533, 1.01
31538, 1.04
31543, 1.06
31548, 1.03
31553, 0.99
31558, 0.96
31563, 0.99
31568, 1.01
31573, 1.03
31578, 1.06
31583, 1.02
31588, 0.99
31593, 0.96
31598, 0.99
31603, 1.01
31608, 0.98
31613, 1.00
31618, 1.02
31623, 0.99
31628, 0.96
31633, 0.99
31638, 1.01
31643, 0.98
31648, 1.00
31653, 1.03
31658, 0.99
31663, 0.96
31668, 0.99
31673, 1.01
31678, 0.98
31683, 1.00
31688, 1.03
31693, 0.99
31698, 0.96
31703, 0.99
31708, 1.01
31713, 0.98
31718, 1.00
31723, 1.03
31728, 0.99
31733, 0.96
31738, 0.99
31743, 1.01
31748, 0.98
31753, 1.00
31758, 1.03
31763, 1.00
31768, 0.96
31773, 0.99
31778, 1.01
31783, 0.98
31788, 1.00
31793, 1.03
31798, 1.00
31803, 0.96
31808, 0.99
31813, 1.01
31818, 0.98
31823, 1.00
31828, 1.03
31833, 1.00
31838, 0.96
31843, 0.99
31848, 1.01
31853, 0.98
31858, 1.00
31863, 1.03
31868, 1.00
31873, 0.96
31878, 0.99
31883, 1.01
31888, 0.98
31893, 1.00
31898, 1.03
31903, 1.00
31908, 0.97
31913, 0.99
31918, 1.01
31923, 0.98
31928, 1.00
31933, 1.03
31938, 1.00
31943, 0.97
31948, 0.99
31953, 1.01
31958, 0.98
31963, 1.01
31968, 1.03
31973, 1.00
31978, 0.97
31983, 0.99
31988, 1.01
31993, 0.98
31998, 1.01
32003, 1.03
32008, 1.00
32013, 0.97
32018, 0.99
32023, 1.01
32028, 0.98
32033, 1.01
32038, 1.03
32043, 1.00
32048, 0.97
32053, 0.94
32058, 0.96
32063, 0.98
32068, 1.01
32073, 1.03
32078, 1.00
32083, 0.97
32088, 0.94
32093, 0.96
32098, 0.99
32103, 1.01
32108, 1.03
32113, 1.00
32118, 0.97
32123, 0.94
32128, 0.97
32133, 0.99
32138, 1.01
32143, 1.04
32148, 1.00
32153, 0.97
32158, 1.00
32163, 1.02
32168, 0.99
32173, 1.01
32178, 1.03
32183, 1.00
32188, 0.97
32193, 1.00
32198, 1.02
32203, 0.99
32208, 1.01
32213, 1.03
32218, 1.00
32223, 0.97
32228, 0.94
32233, 0.97
32238, 0.99
32243, 0.96
32248, 0.98
32253, 1.01
32258, 0.98
32263, 0.95
32268, 0.92
32273, 0.94
32278, 0.97
32283, 0.94
32288, 0.96
32293, 0.99
32298, 0.96
32303, 0.93
32308, 0.95
32313, 0.98
32318, 0.95
32323, 0.97
32328, 0.99
32333, 0.96
32338, 0.93
32343, 0.96
32348, 0.98
32353, 0.95
32358, 0.98
32363, 1.00
32368, 0.97
32373, 0.94
32378, 0.96
32383, 0.99
32388, 0.96
32393, 0.98
32398, 1.01
32403, 0.98
32408, 0.95
32413, 0.97
32418, 0.99
32423, 1.02
32428, 1.04
32433, 1.01
32438, 0.98
32443, 0.95
32448, 0.97
32453, 0.99
32458, 1.02
32463, 1.04
32468, 1.01
32473, 0.98
32478, 1.00
32483, 1.02
32488, 0.99
32493, 1.02
32498, 1.04
32503, 1.01
32508, 0.97
32513, 1.00
32518, 1.02
32523, 0.99
32528, 1.01
32533, 1.04
32538, 1.00
32543, 0.97
32548, 1.00
32553, 1.02
32558, 1.04
32563, 1.06
32568, 1.03
32573, 1.00
32578, 0.97
32583, 0.99
32588, 1.02
32593, 1.04
32598, 1.06
32603, 1.03
32608, 1.00
32613, 1.02
32618, 1.04
32623, 1.01
32628, 1.03
32633, 1.05
32638, 1.02
32643, 0.99
32648, 1.01
32653, 1.04
32658, 1.00
32663, 1.03
32668, 1.05
32673, 1.02
32678, 0.99
32683, 1.01
32688, 1.03
32693, 1.00
32698, 1.02
32703, 1.04
32708, 1.01
32713, 0.98
32718, 1.00
32723, 1.03
32728, 1.05
32733, 1.07
32738, 1.04
32743, 1.01
32748, 0.98
32753, 1.00
32758, 1.02
32763, 1.04
32768, 1.07
32773, 1.03
32778, 1.00
32783, 0.97
32788, 0.99
32793, 1.02
32798, 1.04
32803, 1.06
32808, 1.03
32813, 1.00
32818, 0.97
32823, 0.99
32828, 1.01
32833, 1.04
32838, 1.06
32843, 1.03
32848, 0.99
32853, 1.02
32858, 1.04
32863, 1.01
32868, 1.03
32873, 1.05
32878, 1.02
32883, 0.99
32888, 1.01
32893, 1.03
32898, 1.00
32903, 1.03
32908, 1.05
32913, 1.02
32918, 0.98
32923, 0.95
32928, 0.98
32933, 1.00
32938, 1.02
32943, 1.05
32948, 1.01
32953, 0.98
32958, 0.95
32963, 0.98
32968, 1.00
32973, 1.02
32978, 1.05
32983, 1.01
32988, 0.98
32993, 1.01
32998, 1.03
33003, 1.00
33008, 1.02
33013, 1.04
33018, 1.01
33023, 0.98
33028, 1.00
33033, 1.03
33038, 0.99
33043, 1.02
33048, 1.04
33053, 1.01
33058, 0.98
33063, 1.00
33068, 1.02
33073, 0.99
33078, 1.02
33083, 1.04
33088, 1.01
33093, 0.97
33098, 1.00
33103, 1.02
33108, 1.04
33113, 1.07
33118, 1.03
33123, 1.00
33128, 0.97
33133, 0.99
33138, 1.02
33143, 1.04
33148, 1.06
33153, 1.03
33158, 1.00
33163, 0.97
33168, 0.99
33173, 1.01
33178, 0.98
33183, 1.01
33188, 1.03
33193, 1.00
33198, 0.97
33203, 0.99
33208, 1.01
33213, 0.98
33218, 1.01
33223, 1.03
33228, 1.00
33233, 0.97
33238, 0.99
33243, 1.01
33248, 0.98
33253, 1.01
33258, 1.03
33263, 1.00
33268, 0.97
33273, 0.99
33278, 1.01
33283, 0.98
33288, 1.01
33293, 1.03
33298, 1.00
33303, 0.97
33308, 0.99
33313, 1.01
33318, 0.98
33323, 1.01
33328, 1.03
33333, 1.00
33338, 0.97
33343, 0.94
33348, 0.96
33353, 0.99
33358, 1.01
33363, 1.03
33368, 1.00
33373, 0.97
33378, 0.94
33383, 0.96
33388, 0.99
33393, 1.01
33398, 1.03
33403, 1.00
33408, 0.97
33413, 0.94
33418, 0.97
33423, 0.99
33428, 1.01
33433, 1.04
33438, 1.00
33443, 0.97
33448, 0.94
33453, 0.97
33458, 0.99
33463, 1.01
33468, 1.04
33473, 1.01
33478, 0.97
33483, 1.00
33488, 1.02
33493, 0.99
33498, 1.01
33503, 1.04
33508, 1.00
33513, 0.97
33518, 1.00
33523, 1.02
33528, 0.99
33533, 1.01
33538, 1.03
33543, 1.00
33548, 0.97
33553, 1.00
33558, 1.02
33563, 0.99
33568, 1.01
33573, 1.03
33578, 1.00
33583, 0.97
33588, 0.99
33593, 1.02
33598, 0.99
33603, 1.01
33608, 1.03
33613, 1.00
33618, 0.97
33623, 0.99
33628, 1.02
33633, 0.99
33638, 1.01
33643, 1.03
33648, 1.00
33653, 0.97
33658, 0.99
33663, 1.02
33668, 0.98
33673, 1.01
33678, 1.03
33683, 1.00
33688, 0.97
33693, 0.94
33698, 0.96
33703, 0.99
33708, 1.01
33713, 1.03
33718, 1.00
33723, 0.97
33728, 0.94
33733, 0.97
33738, 0.99
33743, 1.01
33748, 1.04
33753, 1.00
33758, 0.97
33763, 0.94
33768, 0.97
33773, 0.99
33778, 0.96
33783, 0.98
33788, 1.01
33793, 0.98
33798, 0.95
33803, 0.97
33808, 1.00
33813, 0.96
33818, 0.99
33823, 1.01
33828, 0.98
33833, 0.95
33838, 0.92
33843, 0.95
33848, 0.97
33853, 0.94
33858, 0.97
33863, 0.99
33868, 0.96
33873, 0.93
33878, 0.90
33883, 0.93
33888, 0.95
33893, 0.98
33898, 1.00
33903, 0.97
33908, 0.94
33913, 0.96
33918, 0.99
33923, 0.96
33928, 0.98
33933, 1.01
33938, 0.98
33943, 0.95
33948, 0.97
33953, 0.99
33958, 1.02
33963, 1.04
33968, 1.01
33973, 0.98
33978, 0.95
33983, 0.97
33988, 0.99
33993, 1.02
33998, 1.04
34003, 1.01
34008, 0.98
34013, 1.00
34018, 1.02
34023, 1.05
34028, 1.07
34033, 1.03
34038, 1.00
34043, 1.03
34048, 1.05
34053, 1.02
34058, 1.04
34063, 1.06
34068, 1.03
34073, 1.00
34078, 1.02
34083, 1.04
34088, 1.01
34093, 1.03
34098, 1.05
34103, 1.02
34108, 0.99
34113, 1.01
34118, 1.04
34123, 1.00
34128, 1.03
34133, 1.05
34138, 1.02
34143, 0.98
34148, 1.01
34153, 1.03
34158, 1.00
34163, 1.02
34168, 1.04
34173, 1.01
34178, 0.98
34183, 0.95
34188, 0.98
34193, 1.00
34198, 1.02
34203, 1.04
34208, 1.01
34213, 0.98
34218, 1.00
34223, 1.03
34228, 1.00
34233, 1.02
34238, 1.04
34243, 1.01
34248, 0.98
34253, 0.95
34258, 0.97
34263, 1.00
34268, 1.02
34273, 1.04
34278, 1.01
34283, 0.98
34288, 1.00
34293, 1.03
34298, 0.99
34303, 1.02
34308, 1.04
34313, 1.01
34318, 0.98
34323, 1.00
34328, 1.02
34333, 0.99
34338, 1.01
34343, 1.04
34348, 1.01
34353, 0.97
34358, 1.00
34363, 1.02
34368, 0.99
34373, 1.01
34378, 1.04
34383, 1.00
34388, 0.97
34393, 1.00
34398, 1.02
34403, 0.99
34408, 1.01
34413, 1.03
34418, 1.00
34423, 0.97
34428, 0.99
34433, 1.02
34438, 0.99
34443, 1.01
34448, 1.03
34453, 1.00
34458, 0.97
34463, 0.99
34468, 1.02
34473, 0.99
34478, 1.01
34483, 1.03
34488, 1.00
34493, 0.97
34498, 0.99
34503, 1.02
34508, 0.98
34513, 1.01
34518, 1.03
34523, 1.00
34528, 0.97
34533, 0.99
34538, 1.02
34543, 0.98
34548, 1.01
34553, 1.03
34558, 1.00
34563, 0.97
34568, 0.99
34573, 1.02
34578, 0.98
34583, 1.01
34588, 1.03
34593, 1.00
34598, 0.97
34603, 0.94
34608, 0.96
34613, 0.99
34618, 1.01
34623, 1.03
34628, 1.00
34633, 0.97
34638, 0.94
34643, 0.96
34648, 0.99
34653, 1.01
34658, 1.04
34663, 1.00
34668, 0.97
34673, 1.00
34678, 1.02
34683, 0.99
34688, 1.01
34693, 1.03
34698, 1.00
34703, 0.97
34708, 0.99
34713, 1.02
34718, 0.99
34723, 1.01
34728, 1.03
34733, 1.00
34738, 0.97
34743, 0.99
34748, 1.02
34753, 1.04
34758, 1.06
34763, 1.03
34768, 1.00
34773, 0.97
34778, 0.99
34783, 1.01
34788, 1.04
34793, 1.06
34798, 1.03
34803, 0.99
34808, 1.02
34813, 1.04
34818, 1.01
34823, 1.03
34828, 1.05
34833, 1.02
34838, 0.99
34843, 1.01
34848, 1.03
34853, 1.00
34858, 1.03
34863, 1.05
34868, 1.02
34873, 0.98
34878, 1.01
34883, 1.03
34888, 1.00
34893, 1.02
34898, 1.04
34903, 1.01
34908, 0.98
34913, 1.00
34918, 1.03
34923, 0.99
34928, 1.02
34933, 1.04
34938, 1.01
34943, 0.98
34948, 1.00
34953, 1.02
34958, 0.99
34963, 1.02
34968, 1.04
34973, 1.01
34978, 0.98
34983, 0.94
34988, 0.97
34993, 0.99
34998, 0.96
35003, 0.99
35008, 1.01
35013, 0.98
35018, 0.95
35023, 0.97
35028, 1.00
35033, 0.97
35038, 0.99
35043, 1.01
35048, 0.98
35053, 0.95
35058, 0.98
35063, 1.00
35068, 0.97
35073, 0.99
35078, 1.02
35083, 0.99
35088, 0.95
35093, 0.98
35098, 1.00
35103, 0.97
35108, 1.00
35113, 1.02
35118, 0.99
35123, 0.96
35128, 0.98
35133, 1.01
35138, 0.97
35143, 1.00
35148, 1.02
35153, 0.99
35158, 0.96
35163, 0.98
35168, 1.01
35173, 1.03
35178, 1.05
35183, 1.02
35188, 0.99
35193, 0.96
35198, 0.98
35203, 1.01
35208, 1.03
35213, 1.05
35218, 1.02
35223, 0.99
35228, 0.96
35233, 0.98
35238, 1.00
35243, 1.03
35248, 1.05
35253, 1.02
35258, 0.99
35263, 1.01
35268, 1.03
35273, 1.00
35278, 1.02
35283, 1.04
35288, 1.01
35293, 0.98
35298, 1.00
35303, 1.03
35308, 1.00
35313, 1.02
35318, 1.04
35323, 1.01
35328, 0.98
35333, 1.00
35338, 1.02
35343, 0.99
35348, 1.02
35353, 1.04
35358, 1.01
35363, 0.98
35368, 0.95
35373, 0.97
35378, 0.99
35383, 0.96
35388, 0.99
35393, 1.01
35398, 0.98
35403, 0.95
35408, 0.92
35413, 0.89
35418, 0.92
35423, 0.94
35428, 0.97
35433, 0.99
35438, 0.96
35443, 0.93
35448, 0.90
35453, 0.93
35458, 0.95
35463, 0.93
35468, 0.95
35473, 0.97
35478, 0.94
35483, 0.92
35488, 0.94
35493, 0.97
35498, 0.99
35503, 1.01
35508, 0.98
35513, 0.95
35518, 0.92
35523, 0.95
35528, 0.97
35533, 1.00
35538, 1.02
35543, 0.99
35548, 0.96
35553, 0.98
35558, 1.01
35563, 0.97
35568, 1.00
35573, 1.02
35578, 0.99
35583, 0.96
35588, 0.98
35593, 1.01
35598, 1.03
35603, 1.05
35608, 1.02
35613, 0.99
35618, 1.01
35623, 1.03
35628, 1.00
35633, 1.03
35638, 1.05
35643, 1.01
35648, 0.98
35653, 1.01
35658, 1.03
35663, 1.05
35668, 1.07
35673, 1.04
35678, 1.01
35683, 1.03
35688, 1.05
35693, 1.02
35698, 1.04
35703, 1.06
35708, 1.03
35713, 1.00
35718, 1.02
35723, 1.05
35728, 1.01
35733, 1.04
35738, 1.06
35743, 1.02
35748, 0.99
35753, 1.02
35758, 1.04
35763, 1.01
35768, 1.03
35773, 1.05
35778, 1.02
35783, 0.99
35788, 0.96
35793, 0.98
35798, 1.01
35803, 1.03
35808, 1.05
35813, 1.02
35818, 0.99
35823, 0.96
35828, 0.98
35833, 1.00
35838, 0.97
35843, 1.00
35848, 1.02
35853, 0.99
35858, 0.96
35863, 0.98
35868, 1.01
35873, 0.97
35878, 1.00
35883, 1.02
35888, 0.99
35893, 0.96
35898, 0.98
35903, 1.01
35908, 0.98
35913, 1.00
35918, 1.02
35923, 0.99
35928, 0.96
35933, 0.98
35938, 1.01
35943, 1.03
35948, 1.05
35953, 1.02
35958, 0.99
35963, 0.96
35968, 0.98
35973, 1.01
35978, 1.03
35983, 1.05
35988, 1.02
35993, 0.99
35998, 1.01
36003, 1.03
36008, 1.06
36013, 1.08
36018, 1.04
36023, 1.01
36028, 0.98
36033, 1.00
36038, 1.03
36043, 1.05
36048, 1.07
36053, 1.04
