323653, 0.00
323658, 0.00
323663, 0.00
323668, 0.05
323673, 0.16
323678, 0.26
323683, 0.36
323688, 0.51
323693, 0.71
323698, 0.91
323703, 1.10
323708, 1.33
323713, 1.56
323718, 1.78
323723, 2.00
323728, 2.15
323733, 2.35
323738, 2.61
323743, 2.85
323748, 3.08
323753, 3.31
323758, 3.53
323763, 3.70
323768, 3.90
323773, 4.11
323778, 4.30
323783, 4.55
323788, 4.73
323793, 4.91
323798, 5.08
323803, 5.25
323808, 5.41
323813, 5.57
323818, 5.72
323823, 5.92
323828, 6.11
323833, 6.25
323838, 6.43
323843, 6.56
323848, 6.68
323853, 6.85
323858, 6.96
323863, 7.13
323868, 7.28
323873, 7.38
323878, 7.48
323883, 7.57
323888, 7.71
323893, 7.85
323898, 7.93
323903, 8.07
323908, 8.20
323913, 8.27
323918, 8.33
323923, 8.40
323928, 8.52
323933, 8.63
323938, 8.69
323943, 8.80
323948, 8.90
323953, 8.95
323958, 9.00
323963, 9.05
323968, 9.14
323973, 9.24
323978, 9.28
323983, 9.31
323988, 9.35
323993, 9.44
323998, 9.47
324003, 9.50
324008, 9.59
324013, 9.61
324018, 9.69
324023, 9.72
324028, 9.74
324033, 9.82
324038, 9.84
324043, 9.86
324048, 9.88
324053, 9.95
324058, 9.96
324063, 9.98
324068, 10.05
324073, 10.06
324078, 10.08
324083, 10.09
324088, 10.10
324093, 10.11
324098, 10.12
324103, 10.13
324108, 10.14
324113, 10.15
324118, 10.22
324123, 10.23
324128, 10.23
324133, 10.29
324138, 10.30
324143, 10.31
324148, 10.31
324153, 10.32
324158, 10.32
324163, 10.32
324168, 10.33
324173, 10.33
324178, 10.34
324183, 10.34
324188, 10.35
324193, 10.35
324198, 10.35
324203, 10.36
324208, 10.36
324213, 10.36
324218, 10.37
324223, 10.32
324228, 10.32
324233, 10.33
324238, 10.33
324243, 10.34
324248, 10.34
324253, 10.34
324258, 10.29
324263, 10.30
324268, 10.30
324273, 10.31
324278, 10.31
324283, 10.32
324288, 10.32
324293, 10.33
324298, 10.28
324303, 10.29
324308, 10.29
324313, 10.24
324318, 10.25
324323, 10.26
324328, 10.26
324333, 10.27
324338, 10.28
324343, 10.28
324348, 10.29
324353, 10.24
324358, 10.19
324363, 10.20
324368, 10.21
324373, 10.22
324378, 10.23
324383, 10.23
324388, 10.19
324393, 10.20
324398, 10.20
324403, 10.16
324408, 10.17
324413, 10.18
324418, 10.19
324423, 10.20
324428, 10.20
324433, 10.16
324438, 10.11
324443, 10.13
324448, 10.14
324453, 10.15
324458, 10.16
324463, 10.17
324468, 10.12
324473, 10.13
324478, 10.14
324483, 10.10
324488, 10.11
324493, 10.12
324498, 10.13
324503, 10.14
324508, 10.15
324513, 10.11
324518, 10.07
324523, 10.08
324528, 10.09
324533, 10.10
324538, 10.11
324543, 10.13
324548, 10.08
324553, 10.04
324558, 10.05
324563, 10.07
324568, 10.08
324573, 10.04
324578, 10.05
324583, 10.06
324588, 10.02
324593, 10.04
324598, 10.05
324603, 10.06
324608, 10.02
324613, 10.04
324618, 10.05
324623, 10.01
324628, 10.02
324633, 10.04
324638, 10.05
324643, 10.01
324648, 10.02
324653, 10.04
324658, 10.00
324663, 10.01
324668, 10.03
324673, 10.04
324678, 10.05
324683, 10.07
324688, 10.02
324693, 9.98
324698, 10.00
324703, 10.01
324708, 10.03
324713, 10.04
324718, 10.05
324723, 10.01
324728, 9.97
324733, 9.99
324738, 10.00
324743, 10.02
324748, 10.03
324753, 10.05
324758, 10.06
324763, 10.07
324768, 10.03
324773, 9.99
324778, 10.01
324783, 10.02
324788, 10.03
324793, 10.05
324798, 10.06
324803, 10.02
324808, 9.98
324813, 9.99
324818, 10.01
324823, 10.02
324828, 10.04
324833, 10.05
324838, 10.01
324843, 10.02
324848, 10.04
324853, 10.00
324858, 10.01
324863, 10.03
324868, 10.04
324873, 10.05
324878, 10.07
324883, 10.03
324888, 9.98
324893, 10.00
324898, 10.01
324903, 10.03
324908, 9.99
324913, 10.00
324918, 10.02
324923, 9.98
324928, 9.99
324933, 10.01
324938, 10.02
324943, 9.98
324948, 9.94
324953, 9.96
324958, 9.98
324963, 9.99
324968, 10.01
324973, 10.02
324978, 9.98
324983, 9.94
324988, 9.96
324993, 9.97
324998, 9.99
325003, 10.00
325008, 10.02
325013, 9.98
325018, 9.99
325023, 10.01
325028, 9.97
325033, 9.98
325038, 10.00
325043, 10.01
325048, 9.97
325053, 9.99
325058, 10.00
325063, 9.97
325068, 9.98
325073, 10.00
325078, 10.01
325083, 10.03
325088, 10.04
325093, 10.00
325098, 9.96
325103, 9.97
325108, 9.99
325113, 10.01
325118, 9.97
325123, 9.98
325128, 10.00
325133, 9.96
325138, 9.97
325143, 9.99
325148, 10.00
325153, 9.96
325158, 9.98
325163, 9.99
325168, 9.96
325173, 9.97
325178, 9.99
325183, 10.00
325188, 9.96
325193, 9.98
325198, 9.99
325203, 9.95
325208, 9.97
325213, 9.99
325218, 10.00
325223, 10.02
325228, 10.03
325233, 9.99
325238, 9.95
325243, 9.97
325248, 9.98
325253, 10.00
325258, 10.01
325263, 10.03
325268, 9.99
325273, 9.95
325278, 9.96
325283, 9.98
325288, 9.99
325293, 10.01
325298, 10.02
325303, 9.98
325308, 9.94
325313, 9.96
325318, 9.98
325323, 9.99
325328, 10.01
325333, 10.02
325338, 10.04
325343, 10.05
325348, 10.01
325353, 9.97
325358, 9.98
325363, 10.00
325368, 10.01
325373, 10.03
325378, 10.04
325383, 10.00
325388, 10.02
325393, 10.03
325398, 9.99
325403, 10.00
325408, 10.02
325413, 10.03
325418, 9.99
325423, 10.01
325428, 10.02
325433, 9.98
325438, 10.00
325443, 9.96
325448, 9.97
325453, 9.99
325458, 10.00
325463, 10.02
325468, 9.98
325473, 9.99
325478, 10.01
325483, 10.02
325488, 10.04
325493, 10.05
325498, 10.01
325503, 9.97
325508, 9.98
325513, 10.00
325518, 10.01
325523, 9.97
325528, 9.99
325533, 10.00
325538, 10.02
325543, 10.03
325548, 9.99
325553, 10.01
325558, 10.02
325563, 10.04
325568, 10.00
325573, 9.96
325578, 9.97
325583, 9.99
325588, 10.00
325593, 10.02
325598, 10.03
325603, 9.99
325608, 9.95
325613, 9.97
325618, 9.98
325623, 10.00
325628, 10.01
325633, 10.03
325638, 10.04
325643, 10.05
325648, 10.01
325653, 9.97
325658, 9.99
325663, 10.00
325668, 10.02
325673, 10.03
325678, 10.05
325683, 10.01
325688, 9.97
325693, 9.98
325698, 10.00
325703, 10.01
325708, 10.03
325713, 10.04
325718, 10.00
325723, 9.96
325728, 9.98
325733, 9.99
325738, 10.01
325743, 10.02
325748, 10.03
325753, 9.99
325758, 10.01
325763, 10.02
325768, 9.98
325773, 10.00
325778, 9.96
325783, 9.97
325788, 9.99
325793, 10.00
325798, 10.02
325803, 9.98
325808, 9.99
325813, 9.96
325818, 9.97
325823, 9.99
325828, 9.95
325833, 9.96
325838, 9.98
325843, 9.99
325848, 10.01
325853, 10.02
325858, 9.98
325863, 9.94
325868, 9.96
325873, 9.98
325878, 9.99
325883, 10.01
325888, 10.02
325893, 9.98
325898, 9.94
325903, 9.96
325908, 9.97
325913, 9.99
325918, 10.01
325923, 10.02
325928, 10.03
325933, 10.05
325938, 10.01
325943, 9.97
325948, 9.98
325953, 10.00
325958, 10.01
325963, 10.03
325968, 10.04
325973, 10.00
325978, 9.96
325983, 9.98
325988, 9.99
325993, 10.01
325998, 10.02
326003, 10.03
326008, 10.05
326013, 10.06
326018, 10.02
326023, 9.98
326028, 10.00
326033, 10.01
326038, 10.02
326043, 9.98
326048, 10.00
326053, 10.01
326058, 9.97
326063, 9.99
326068, 10.00
326073, 10.02
326078, 10.03
326083, 10.05
326088, 10.01
326093, 10.02
326098, 10.03
326103, 9.99
326108, 10.01
326113, 10.02
326118, 10.04
326123, 10.00
326128, 10.01
326133, 10.03
326138, 9.98
326143, 10.00
326148, 10.01
326153, 10.03
326158, 9.99
326163, 9.95
326168, 9.97
326173, 9.98
326178, 10.00
326183, 10.01
326188, 10.03
326193, 9.99
326198, 10.00
326203, 10.01
326208, 9.97
326213, 9.99
326218, 10.01
326223, 10.02
326228, 10.03
326233, 10.05
326238, 10.01
326243, 9.97
326248, 9.98
326253, 10.00
326258, 10.01
326263, 10.03
326268, 10.04
326273, 10.00
326278, 9.96
326283, 9.98
326288, 9.99
326293, 10.01
326298, 10.02
326303, 10.03
326308, 9.99
326313, 9.95
326318, 9.97
326323, 9.99
326328, 10.00
326333, 10.02
326338, 10.03
326343, 10.04
326348, 10.06
326353, 10.02
326358, 9.98
326363, 9.99
326368, 10.01
326373, 10.02
326378, 9.98
326383, 10.00
326388, 10.01
326393, 9.97
326398, 9.99
326403, 10.00
326408, 10.02
326413, 9.98
326418, 9.99
326423, 10.01
326428, 9.97
326433, 9.98
326438, 10.00
326443, 10.01
326448, 9.97
326453, 9.99
326458, 10.00
326463, 9.96
326468, 9.98
326473, 9.99
326478, 10.01
326483, 9.97
326488, 9.98
326493, 10.00
326498, 9.96
326503, 9.98
326508, 9.99
326513, 10.01
326518, 10.02
326523, 10.03
326528, 9.99
326533, 9.96
326538, 9.97
326543, 9.99
326548, 10.00
326553, 10.02
326558, 10.03
326563, 9.99
326568, 9.95
326573, 9.97
326578, 9.98
326583, 10.00
326588, 10.01
326593, 10.03
326598, 10.04
326603, 10.05
326608, 10.01
326613, 9.97
326618, 9.99
326623, 10.00
326628, 10.02
326633, 10.03
326638, 10.05
326643, 10.00
326648, 9.97
326653, 9.98
326658, 10.00
326663, 10.01
326668, 10.03
326673, 10.04
326678, 10.05
326683, 10.07
326688, 10.02
326693, 9.98
326698, 10.00
326703, 10.01
326708, 10.03
326713, 10.04
326718, 10.05
326723, 10.01
326728, 9.97
326733, 9.99
326738, 10.00
326743, 10.02
326748, 9.98
326753, 9.99
326758, 10.01
326763, 9.97
326768, 9.98
326773, 10.00
326778, 10.01
326783, 9.97
326788, 9.99
326793, 10.00
326798, 10.02
326803, 10.03
326808, 9.99
326813, 10.01
326818, 10.02
326823, 10.04
326828, 10.00
326833, 9.96
326838, 9.97
326843, 9.99
326848, 10.00
326853, 10.02
326858, 10.03
326863, 9.99
326868, 9.95
326873, 9.97
326878, 9.98
326883, 10.00
326888, 10.01
326893, 10.03
326898, 10.04
326903, 10.05
326908, 10.01
326913, 9.97
326918, 9.99
326923, 10.00
326928, 10.02
326933, 10.03
326938, 10.05
326943, 10.01
326948, 9.97
326953, 9.98
326958, 10.00
326963, 10.01
326968, 10.03
326973, 10.04
326978, 10.00
326983, 9.96
326988, 9.98
326993, 9.99
326998, 10.01
327003, 10.02
327008, 10.03
327013, 9.99
327018, 9.95
327023, 9.97
327028, 9.99
327033, 10.00
327038, 9.96
327043, 9.98
327048, 9.99
327053, 10.01
327058, 10.02
327063, 9.98
327068, 10.00
327073, 9.96
327078, 9.97
327083, 9.99
327088, 9.95
327093, 9.97
327098, 9.98
327103, 10.00
327108, 10.01
327113, 10.03
327118, 9.99
327123, 9.95
327128, 9.96
327133, 9.98
327138, 9.99
327143, 10.01
327148, 10.02
327153, 9.98
327158, 9.94
327163, 9.96
327168, 9.98
327173, 9.99
327178, 10.01
327183, 10.02
327188, 10.03
327193, 10.05
327198, 10.01
327203, 9.97
327208, 9.98
327213, 10.00
327218, 10.01
327223, 10.03
327228, 10.04
327233, 10.00
327238, 9.96
327243, 9.98
327248, 9.99
327253, 10.01
327258, 10.02
327263, 10.04
327268, 10.05
327273, 10.01
327278, 9.97
327283, 9.98
327288, 10.00
327293, 10.01
327298, 10.03
327303, 9.99
327308, 10.00
327313, 10.02
327318, 9.98
327323, 9.99
327328, 10.01
327333, 10.02
327338, 9.98
327343, 10.00
327348, 10.01
327353, 9.97
327358, 9.99
327363, 10.00
327368, 10.02
327373, 10.03
327378, 10.04
327383, 10.00
327388, 10.02
327393, 10.03
327398, 9.99
327403, 10.01
327408, 10.02
327413, 10.04
327418, 9.99
327423, 9.96
327428, 9.97
327433, 9.99
327438, 10.00
327443, 10.02
327448, 10.03
327453, 9.99
327458, 9.95
327463, 9.97
327468, 9.98
327473, 10.00
327478, 10.01
327483, 10.03
327488, 9.99
327493, 10.00
327498, 10.02
327503, 9.98
327508, 9.99
327513, 10.01
327518, 10.02
327523, 10.03
327528, 10.05
327533, 10.01
327538, 9.97
327543, 9.98
327548, 10.00
327553, 10.01
327558, 10.03
327563, 10.04
327568, 10.00
327573, 9.96
327578, 9.98
327583, 9.99
327588, 10.01
327593, 10.02
327598, 10.04
327603, 9.99
327608, 9.96
327613, 9.97
327618, 9.99
327623, 10.00
327628, 10.02
327633, 10.03
327638, 10.04
327643, 10.06
327648, 10.02
327653, 9.98
327658, 9.99
327663, 10.01
327668, 10.02
327673, 9.98
327678, 10.00
327683, 10.01
327688, 9.97
327693, 9.99
327698, 10.00
327703, 10.02
327708, 9.98
327713, 9.94
327718, 9.95
327723, 9.97
327728, 9.99
327733, 10.00
327738, 10.02
327743, 9.98
327748, 9.94
327753, 9.95
327758, 9.97
327763, 9.99
327768, 10.00
327773, 10.01
327778, 10.03
327783, 10.04
327788, 10.00
327793, 9.96
327798, 9.98
327803, 9.99
327808, 10.01
327813, 10.02
327818, 10.04
327823, 10.00
327828, 9.96
327833, 9.97
327838, 9.99
327843, 10.00
327848, 10.02
327853, 10.03
327858, 10.05
327863, 10.06
327868, 10.02
327873, 9.98
327878, 9.99
327883, 10.01
327888, 10.02
327893, 10.04
327898, 10.05
327903, 10.01
327908, 9.97
327913, 9.98
327918, 10.00
327923, 10.01
327928, 10.03
327933, 10.04
327938, 10.00
327943, 10.02
327948, 10.03
327953, 9.99
327958, 10.00
327963, 10.02
327968, 10.03
327973, 10.05
327978, 10.06
327983, 10.02
327988, 9.98
327993, 9.99
327998, 10.01
328003, 10.02
328008, 10.04
328013, 10.05
328018, 10.01
328023, 10.02
328028, 10.04
328033, 10.00
328038, 10.01
328043, 9.97
328048, 9.99
328053, 10.00
328058, 10.02
328063, 10.03
328068, 9.99
328073, 10.01
328078, 10.02
328083, 10.03
328088, 9.99
328093, 10.01
328098, 10.02
328103, 9.98
328108, 10.00
328113, 10.01
328118, 10.03
328123, 9.99
328128, 10.00
328133, 10.02
328138, 10.03
328143, 10.04
328148, 10.00
328153, 10.02
328158, 9.98
328163, 9.99
328168, 10.01
328173, 9.97
328178, 9.98
328183, 10.00
328188, 10.01
328193, 10.03
328198, 10.04
328203, 10.00
328208, 9.96
328213, 9.98
328218, 9.99
328223, 10.01
328228, 10.02
328233, 10.04
328238, 9.99
328243, 9.96
328248, 9.97
328253, 9.99
328258, 10.00
328263, 10.02
328268, 10.03
328273, 9.99
328278, 9.95
328283, 9.97
328288, 9.98
328293, 10.00
328298, 10.01
328303, 10.03
328308, 9.99
328313, 10.00
328318, 10.02
328323, 9.98
328328, 9.99
328333, 9.95
328338, 9.91
328343, 9.93
328348, 9.95
328353, 9.96
328358, 9.98
328363, 10.00
328368, 9.96
328373, 9.92
328378, 9.94
328383, 9.95
328388, 9.97
328393, 9.98
328398, 10.00
328403, 10.01
328408, 10.03
328413, 9.99
328418, 9.95
328423, 9.96
328428, 9.98
328433, 10.00
328438, 10.01
328443, 10.02
328448, 9.98
328453, 9.95
328458, 9.96
328463, 9.98
328468, 9.99
328473, 10.01
328478, 10.02
328483, 10.04
328488, 10.05
328493, 10.01
328498, 9.97
328503, 9.98
328508, 10.00
328513, 10.01
328518, 10.03
328523, 10.04
328528, 10.06
328533, 10.07
328538, 10.03
328543, 9.99
328548, 10.00
328553, 10.02
328558, 10.03
328563, 10.04
328568, 10.06
328573, 10.02
328578, 9.98
328583, 9.99
328588, 10.01
328593, 10.02
328598, 10.03
328603, 10.05
328608, 10.06
328613, 10.07
328618, 10.03
328623, 9.99
328628, 10.01
328633, 10.02
328638, 10.04
328643, 10.05
328648, 10.06
328653, 10.02
328658, 9.98
328663, 10.00
328668, 10.01
328673, 10.02
328678, 10.04
328683, 10.05
328688, 10.06
328693, 10.08
328698, 10.04
328703, 10.00
328708, 10.01
328713, 10.02
328718, 10.04
328723, 10.05
328728, 10.06
328733, 10.02
328738, 9.98
328743, 10.00
328748, 10.01
328753, 10.03
328758, 10.04
328763, 10.05
328768, 10.01
328773, 9.97
328778, 9.99
328783, 10.00
328788, 10.02
328793, 10.03
328798, 10.05
328803, 10.00
328808, 10.02
328813, 10.03
328818, 9.99
328823, 10.01
328828, 9.97
328833, 9.98
328838, 10.00
328843, 9.96
328848, 9.98
328853, 9.99
328858, 10.01
328863, 10.02
328868, 10.03
328873, 9.99
328878, 9.95
328883, 9.97
328888, 9.99
328893, 10.00
328898, 10.02
328903, 10.03
328908, 9.99
328913, 9.95
328918, 9.97
328923, 9.98
328928, 10.00
328933, 10.01
328938, 10.03
328943, 9.99
328948, 9.95
328953, 9.96
328958, 9.98
328963, 9.99
328968, 9.95
328973, 9.97
328978, 9.99
328983, 9.95
328988, 9.96
328993, 9.98
328998, 9.99
329003, 9.96
329008, 9.97
329013, 9.99
329018, 9.95
329023, 9.96
329028, 9.98
329033, 10.00
329038, 9.96
329043, 9.97
329048, 9.99
329053, 9.95
329058, 9.96
329063, 9.98
329068, 10.00
329073, 10.01
329078, 10.02
329083, 9.98
329088, 10.00
329093, 10.01
329098, 9.97
329103, 9.99
329108, 10.00
329113, 10.02
329118, 10.03
329123, 10.05
329128, 10.01
329133, 9.97
329138, 9.98
329143, 10.00
329148, 10.01
329153, 10.03
329158, 10.04
329163, 10.00
329168, 9.96
329173, 9.98
329178, 9.99
329183, 10.01
329188, 10.02
329193, 10.03
329198, 10.05
329203, 10.06
329208, 10.02
329213, 9.98
329218, 9.99
329223, 10.01
329228, 10.02
329233, 10.04
329238, 10.05
329243, 10.01
329248, 10.02
329253, 10.04
329258, 10.00
329263, 10.01
329268, 10.03
329273, 10.04
329278, 10.05
329283, 10.07
329288, 10.03
329293, 9.99
329298, 10.00
329303, 10.01
329308, 10.03
329313, 10.04
329318, 10.06
329323, 10.01
329328, 10.03
329333, 10.04
329338, 10.00
329343, 10.02
329348, 10.03
329353, 10.04
329358, 10.06
329363, 10.07
329368, 10.03
329373, 9.99
329378, 10.00
329383, 10.02
329388, 10.03
329393, 9.99
329398, 10.01
329403, 10.02
329408, 9.98
329413, 10.00
329418, 10.01
329423, 10.02
329428, 9.98
329433, 10.00
329438, 10.01
329443, 9.97
329448, 9.99
329453, 10.00
329458, 10.02
329463, 9.98
329468, 9.94
329473, 9.96
329478, 9.97
329483, 9.99
329488, 10.00
329493, 10.02
329498, 9.98
329503, 9.94
329508, 9.96
329513, 9.97
329518, 9.99
329523, 10.00
329528, 10.02
329533, 9.98
329538, 9.99
329543, 10.01
329548, 9.97
329553, 9.98
329558, 10.00
329563, 10.01
329568, 10.03
329573, 10.04
329578, 10.00
329583, 9.96
329588, 9.98
329593, 9.99
329598, 10.01
329603, 9.97
329608, 9.93
329613, 9.95
329618, 9.96
329623, 9.98
329628, 9.94
329633, 9.96
329638, 9.97
329643, 9.93
329648, 9.95
329653, 9.97
329658, 9.98
329663, 10.00
329668, 10.01
329673, 9.97
329678, 9.93
329683, 9.95
329688, 9.97
329693, 9.98
329698, 10.00
329703, 10.01
329708, 9.97
329713, 9.93
329718, 9.95
329723, 9.97
329728, 9.98
329733, 10.00
329738, 10.01
329743, 10.03
329748, 10.04
329753, 10.00
329758, 9.96
329763, 9.98
329768, 9.99
329773, 10.01
329778, 10.02
329783, 10.03
329788, 9.99
329793, 9.95
329798, 9.97
329803, 9.99
329808, 10.00
329813, 10.02
329818, 10.03
329823, 10.04
329828, 10.06
329833, 10.02
329838, 9.98
329843, 9.99
329848, 10.01
329853, 10.02
329858, 10.03
329863, 10.05
329868, 10.01
329873, 10.02
329878, 10.04
329883, 9.99
329888, 10.01
329893, 10.02
329898, 10.04
329903, 10.05
329908, 10.06
329913, 10.02
329918, 9.98
329923, 10.00
329928, 10.01
329933, 10.03
329938, 10.04
329943, 10.05
329948, 10.01
329953, 10.03
329958, 10.04
329963, 10.00
329968, 10.01
329973, 10.03
329978, 10.04
329983, 10.06
329988, 10.07
329993, 10.03
329998, 9.99
330003, 10.00
330008, 10.02
330013, 10.03
330018, 9.99
330023, 10.01
330028, 10.02
330033, 10.03
330038, 10.05
330043, 10.01
330048, 10.02
330053, 9.98
330058, 10.00
330063, 10.01
330068, 10.02
330073, 10.04
330078, 10.00
330083, 10.01
330088, 10.03
330093, 10.04
330098, 10.00
330103, 9.96
330108, 9.98
330113, 9.99
330118, 10.01
330123, 10.02
330128, 10.04
330133, 9.99
330138, 9.96
330143, 9.97
330148, 9.99
330153, 10.00
330158, 10.02
330163, 10.03
330168, 9.99
330173, 9.95
330178, 9.97
330183, 9.98
330188, 10.00
330193, 10.01
330198, 10.03
330203, 9.99
330208, 9.95
330213, 9.96
330218, 9.98
330223, 9.99
330228, 9.96
330233, 9.97
330238, 9.99
330243, 9.95
330248, 9.96
330253, 9.98
330258, 10.00
330263, 9.96
330268, 9.92
330273, 9.94
330278, 9.95
330283, 9.97
330288, 9.98
330293, 10.00
330298, 9.96
330303, 9.92
330308, 9.94
330313, 9.95
330318, 9.97
330323, 9.99
330328, 10.00
330333, 9.96
330338, 9.92
330343, 9.94
330348, 9.96
330353, 9.97
330358, 9.99
330363, 10.00
330368, 10.02
330373, 10.03
330378, 9.99
330383, 9.95
330388, 9.97
330393, 9.98
330398, 10.00
330403, 10.01
330408, 10.03
330413, 9.99
330418, 9.95
330423, 9.96
330428, 9.98
330433, 10.00
330438, 10.01
330443, 10.02
330448, 10.04
330453, 10.05
330458, 10.01
330463, 9.97
330468, 9.99
330473, 10.00
330478, 10.02
330483, 10.03
330488, 10.04
330493, 10.00
330498, 10.02
330503, 10.03
330508, 9.99
330513, 10.01
330518, 10.02
330523, 10.03
330528, 10.05
330533, 10.06
330538, 10.02
330543, 9.98
330548, 10.00
330553, 10.01
330558, 10.02
330563, 10.04
330568, 10.05
330573, 10.06
330578, 10.08
330583, 10.04
330588, 9.99
330593, 10.01
330598, 10.02
330603, 10.04
330608, 10.05
330613, 10.06
330618, 10.02
330623, 9.98
330628, 10.00
330633, 10.01
330638, 10.03
330643, 10.04
330648, 10.05
330653, 10.01
330658, 10.03
330663, 10.04
330668, 10.00
330673, 10.01
330678, 10.03
330683, 10.04
330688, 10.00
330693, 10.02
330698, 10.03
330703, 9.99
330708, 10.01
330713, 10.02
330718, 10.03
330723, 9.99
330728, 9.95
330733, 9.97
330738, 9.99
330743, 10.00
330748, 10.02
330753, 10.03
330758, 9.99
330763, 9.95
330768, 9.97
330773, 9.98
330778, 10.00
330783, 10.01
330788, 10.03
330793, 9.99
330798, 9.95
330803, 9.96
330808, 9.98
330813, 9.99
330818, 10.01
330823, 10.02
330828, 9.98
330833, 10.00
330838, 10.01
330843, 9.97
330848, 9.99
330853, 10.00
330858, 10.02
330863, 9.98
330868, 9.94
330873, 9.96
330878, 9.97
330883, 9.99
330888, 9.95
330893, 9.96
330898, 9.98
330903, 10.00
330908, 10.01
330913, 9.97
330918, 9.99
330923, 10.00
330928, 10.02
330933, 9.98
330938, 9.94
330943, 9.95
330948, 9.97
330953, 9.99
330958, 10.00
330963, 10.01
330968, 9.97
330973, 9.94
330978, 9.95
330983, 9.97
330988, 9.98
330993, 10.00
330998, 10.01
331003, 10.03
331008, 9.99
331013, 9.95
331018, 9.97
331023, 9.98
331028, 10.00
331033, 10.01
331038, 10.03
331043, 10.04
331048, 10.00
331053, 9.96
331058, 9.97
331063, 9.99
331068, 10.01
331073, 10.02
331078, 10.03
331083, 10.05
331088, 10.06
331093, 10.02
331098, 9.98
331103, 9.99
331108, 10.01
331113, 10.02
331118, 10.04
331123, 10.05
331128, 10.01
331133, 9.97
331138, 9.99
331143, 10.00
331148, 10.02
331153, 10.03
331158, 10.04
331163, 10.06
331168, 10.07
331173, 10.03
331178, 9.99
331183, 10.00
331188, 10.02
331193, 10.03
331198, 10.04
331203, 10.06
331208, 10.02
331213, 9.98
331218, 9.99
331223, 10.01
331228, 10.02
331233, 9.98
331238, 10.00
331243, 10.01
331248, 9.97
331253, 9.99
331258, 10.00
331263, 10.02
331268, 10.03
331273, 10.04
331278, 10.00
331283, 10.02
331288, 10.03
331293, 9.99
331298, 10.01
331303, 10.02
331308, 10.03
331313, 9.99
331318, 9.96
331323, 9.97
331328, 9.99
331333, 10.00
331338, 10.02
331343, 10.03
331348, 9.99
331353, 9.95
331358, 9.97
331363, 9.98
331368, 10.00
331373, 10.01
331378, 10.03
331383, 9.99
331388, 9.95
331393, 9.96
331398, 9.98
331403, 9.99
331408, 10.01
331413, 10.02
331418, 9.98
331423, 10.00
331428, 10.01
331433, 9.97
331438, 9.99
331443, 10.00
331448, 10.02
331453, 10.03
331458, 10.05
331463, 10.01
331468, 9.97
331473, 9.98
331478, 10.00
331483, 10.01
331488, 9.97
331493, 9.99
331498, 10.00
331503, 9.96
331508, 9.98
331513, 9.99
331518, 10.01
331523, 9.97
331528, 9.93
331533, 9.95
331538, 9.96
331543, 9.98
331548, 9.99
331553, 10.01
331558, 9.97
331563, 9.93
331568, 9.95
331573, 9.96
331578, 9.98
331583, 9.99
331588, 10.01
331593, 9.97
331598, 9.93
331603, 9.95
331608, 9.96
331613, 9.98
331618, 10.00
331623, 10.01
331628, 10.02
331633, 10.04
331638, 10.00
331643, 9.96
331648, 9.97
331653, 9.99
331658, 10.00
331663, 10.02
331668, 10.03
331673, 9.99
331678, 10.01
331683, 10.02
331688, 9.98
331693, 10.00
331698, 10.01
331703, 10.03
331708, 10.04
331713, 10.05
331718, 10.01
331723, 9.97
331728, 9.99
331733, 10.00
331738, 10.02
331743, 10.03
331748, 10.04
331753, 10.00
331758, 10.02
331763, 10.03
331768, 9.99
331773, 10.01
331778, 10.02
331783, 10.04
331788, 10.05
331793, 10.06
331798, 10.02
331803, 9.98
331808, 10.00
331813, 10.01
331818, 10.02
331823, 10.04
331828, 10.05
331833, 10.07
331838, 10.08
331843, 10.04
331848, 10.00
331853, 10.01
331858, 10.02
331863, 10.04
331868, 10.05
331873, 10.06
331878, 10.02
331883, 9.98
331888, 10.00
331893, 10.01
331898, 10.03
331903, 10.04
331908, 10.05
331913, 10.07
331918, 10.08
331923, 10.04
331928, 10.00
331933, 10.01
331938, 10.03
331943, 10.04
331948, 10.00
331953, 10.01
331958, 10.03
331963, 9.99
331968, 10.00
331973, 10.02
331978, 10.03
331983, 9.99
331988, 10.01
331993, 10.02
331998, 9.98
332003, 10.00
332008, 10.01
332013, 10.02
332018, 9.98
332023, 10.00
332028, 10.01
332033, 9.97
332038, 9.99
332043, 10.00
332048, 10.02
332053, 9.98
332058, 9.99
332063, 10.01
332068, 9.97
332073, 9.98
332078, 10.00
332083, 10.01
332088, 10.03
332093, 10.04
332098, 10.00
332103, 9.96
332108, 9.98
332113, 9.99
332118, 10.01
332123, 10.02
332128, 10.04
332133, 10.00
332138, 9.96
332143, 9.97
332148, 9.99
332153, 10.00
332158, 9.96
332163, 9.98
332168, 9.99
332173, 9.96
332178, 9.97
332183, 9.99
332188, 10.00
332193, 9.96
332198, 9.92
332203, 9.94
332208, 9.96
332213, 9.97
332218, 9.99
332223, 10.00
332228, 9.96
332233, 9.93
332238, 9.94
332243, 9.96
332248, 9.98
332253, 9.99
332258, 10.01
332263, 9.97
332268, 9.93
332273, 9.94
332278, 9.96
332283, 9.98
332288, 9.99
332293, 10.01
332298, 10.02
332303, 10.03
332308, 9.99
332313, 9.96
332318, 9.97
332323, 9.99
332328, 10.00
332333, 10.02
332338, 10.03
332343, 9.99
332348, 9.95
332353, 9.97
332358, 9.98
332363, 10.00
332368, 10.01
332373, 10.03
332378, 10.04
332383, 10.05
332388, 10.01
332393, 9.97
332398, 9.99
332403, 10.00
332408, 10.02
332413, 10.03
332418, 10.05
332423, 10.00
332428, 9.97
332433, 9.98
332438, 10.00
332443, 10.01
332448, 10.03
332453, 10.04
332458, 10.05
332463, 10.07
332468, 10.02
332473, 9.98
332478, 10.00
332483, 10.01
332488, 10.03
332493, 10.04
332498, 10.05
332503, 10.01
332508, 9.97
332513, 9.99
332518, 10.00
332523, 10.02
332528, 10.03
332533, 10.05
332538, 10.06
332543, 10.07
332548, 10.03
332553, 9.99
332558, 10.01
332563, 10.02
332568, 10.03
332573, 9.99
332578, 10.01
332583, 10.02
332588, 9.98
332593, 10.00
332598, 10.01
332603, 10.03
332608, 9.99
332613, 10.00
332618, 10.02
332623, 9.98
332628, 9.99
332633, 10.01
332638, 10.02
332643, 9.98
332648, 9.94
332653, 9.96
332658, 9.97
332663, 9.99
332668, 10.00
332673, 10.02
332678, 9.98
332683, 9.94
332688, 9.96
332693, 9.97
332698, 9.99
332703, 10.00
332708, 10.02
332713, 10.03
332718, 10.05
332723, 10.00
332728, 9.96
332733, 9.98
332738, 10.00
332743, 10.01
332748, 10.02
332753, 10.04
332758, 10.00
332763, 9.96
332768, 9.97
332773, 9.99
332778, 10.00
332783, 9.97
332788, 9.98
332793, 10.00
332798, 9.96
332803, 9.97
332808, 9.99
332813, 10.00
332818, 9.96
332823, 9.93
332828, 9.94
332833, 9.96
332838, 9.97
332843, 9.99
332848, 10.00
332853, 9.97
332858, 9.98
332863, 10.00
332868, 9.96
332873, 9.97
332878, 9.99
332883, 10.00
332888, 10.02
332893, 10.03
332898, 9.99
332903, 9.95
332908, 9.97
332913, 9.98
332918, 10.00
332923, 10.01
332928, 10.03
332933, 9.99
332938, 9.95
332943, 9.96
332948, 9.98
332953, 10.00
332958, 10.01
332963, 10.02
332968, 9.98
332973, 10.00
332978, 10.01
332983, 9.97
332988, 9.99
332993, 10.00
332998, 10.02
333003, 10.03
333008, 10.05
333013, 10.01
333018, 9.97
333023, 9.98
333028, 10.00
333033, 10.01
333038, 10.03
333043, 10.04
333048, 10.05
333053, 10.07
333058, 10.02
333063, 9.98
333068, 10.00
333073, 10.01
333078, 10.03
333083, 10.04
333088, 10.06
333093, 10.01
333098, 9.97
333103, 9.99
333108, 10.00
333113, 10.02
333118, 10.03
333123, 10.05
333128, 10.06
333133, 10.07
333138, 10.03
333143, 9.99
333148, 10.01
333153, 10.02
333158, 10.03
333163, 10.05
333168, 10.06
333173, 10.02
333178, 10.03
333183, 10.05
333188, 10.01
333193, 10.02
333198, 10.03
333203, 10.05
333208, 10.01
333213, 10.02
333218, 10.04
333223, 10.00
333228, 10.01
333233, 9.97
333238, 9.99
333243, 10.00
333248, 10.02
333253, 10.03
333258, 9.99
333263, 10.00
333268, 10.02
333273, 10.03
333278, 9.99
333283, 9.95
333288, 9.97
333293, 9.98
333298, 10.00
333303, 10.01
333308, 10.03
333313, 9.99
333318, 9.95
333323, 9.97
333328, 9.98
333333, 10.00
333338, 10.01
333343, 10.03
333348, 9.98
333353, 9.95
333358, 9.96
333363, 9.98
333368, 9.99
333373, 10.01
333378, 10.02
333383, 9.98
333388, 10.00
333393, 10.01
333398, 9.97
333403, 9.99
333408, 10.00
333413, 10.02
333418, 9.98
333423, 9.99
333428, 10.01
333433, 9.97
333438, 9.98
333443, 9.94
333448, 9.96
333453, 9.98
333458, 9.99
333463, 10.01
333468, 9.97
333473, 9.98
333478, 10.00
333483, 10.01
333488, 9.97
333493, 9.93
333498, 9.95
333503, 9.97
333508, 9.98
333513, 10.00
333518, 10.01
333523, 9.97
333528, 9.93
333533, 9.95
333538, 9.97
333543, 9.98
333548, 10.00
333553, 10.01
333558, 9.97
333563, 9.99
333568, 10.00
333573, 9.96
333578, 9.98
333583, 9.99
333588, 10.01
333593, 10.02
333598, 10.04
333603, 10.00
333608, 9.96
333613, 9.97
333618, 9.99
333623, 10.00
333628, 10.02
333633, 10.03
333638, 9.99
333643, 9.95
333648, 9.97
