389773, 0.00
389778, 0.00
389783, 0.00
389788, 0.05
389793, 0.16
389798, 0.26
389803, 0.36
389808, 0.51
389813, 0.71
389818, 0.91
389823, 1.10
389828, 1.28
389833, 1.51
389838, 1.79
389843, 2.00
389848, 2.21
389853, 2.46
389858, 2.71
389863, 2.95
389868, 3.24
389873, 3.52
389878, 3.73
389883, 3.99
389888, 4.30
389893, 4.55
389898, 4.78
389903, 5.07
389908, 5.29
389913, 5.50
389918, 5.77
389923, 6.02
389928, 6.26
389933, 6.50
389938, 6.73
389943, 6.96
389948, 7.17
389953, 7.38
389958, 7.59
389963, 7.78
389968, 7.98
389973, 8.16
389978, 8.34
389983, 8.51
389988, 8.68
389993, 8.85
389998, 9.00
390003, 9.16
390008, 9.31
390013, 9.45
390018, 9.59
390023, 9.73
390028, 9.86
390033, 9.98
390038, 10.11
390043, 10.23
390048, 10.34
390053, 10.45
390058, 10.56
390063, 10.67
390068, 10.77
390073, 10.81
390078, 10.91
390083, 11.06
390088, 11.10
390093, 11.13
390098, 11.22
390103, 11.30
390108, 11.38
390113, 11.46
390118, 11.54
390123, 11.56
390128, 11.58
390133, 11.66
390138, 11.73
390143, 11.80
390148, 11.86
390153, 11.93
390158, 11.99
390163, 12.00
390168, 12.01
390173, 12.07
390178, 12.12
390183, 12.13
390188, 12.13
390193, 12.19
390198, 12.24
390203, 12.30
390208, 12.35
390213, 12.34
390218, 12.34
390223, 12.34
390228, 12.33
390233, 12.38
390238, 12.43
390243, 12.48
390248, 12.47
390253, 12.41
390258, 12.40
390263, 12.45
390268, 12.50
390273, 12.54
390278, 12.53
390283, 12.47
390288, 12.46
390293, 12.51
390298, 12.55
390303, 12.54
390308, 12.53
390313, 12.52
390318, 12.51
390323, 12.50
390328, 12.50
390333, 12.54
390338, 12.53
390343, 12.52
390348, 12.51
390353, 12.50
390358, 12.49
390363, 12.48
390368, 12.53
390373, 12.52
390378, 12.46
390383, 12.45
390388, 12.50
390393, 12.49
390398, 12.48
390403, 12.47
390408, 12.46
390413, 12.46
390418, 12.45
390423, 12.44
390428, 12.43
390433, 12.43
390438, 12.42
390443, 12.42
390448, 12.41
390453, 12.40
390458, 12.34
390463, 12.34
390468, 12.39
390473, 12.38
390478, 12.38
390483, 12.37
390488, 12.37
390493, 12.36
390498, 12.31
390503, 12.30
390508, 12.35
390513, 12.35
390518, 12.29
390523, 12.29
390528, 12.29
390533, 12.23
390538, 12.23
390543, 12.28
390548, 12.28
390553, 12.23
390558, 12.23
390563, 12.23
390568, 12.23
390573, 12.23
390578, 12.23
390583, 12.23
390588, 12.17
390593, 12.17
390598, 12.17
390603, 12.12
390608, 12.12
390613, 12.18
390618, 12.18
390623, 12.13
390628, 12.13
390633, 12.13
390638, 12.14
390643, 12.14
390648, 12.14
390653, 12.14
390658, 12.09
390663, 12.10
390668, 12.10
390673, 12.10
390678, 12.11
390683, 12.11
390688, 12.11
390693, 12.06
390698, 12.07
390703, 12.07
390708, 12.08
390713, 12.08
390718, 12.09
390723, 12.09
390728, 12.04
390733, 12.05
390738, 12.05
390743, 12.06
390748, 12.06
390753, 12.07
390758, 12.07
390763, 12.02
390768, 12.03
390773, 12.03
390778, 12.04
390783, 12.04
390788, 12.05
390793, 12.05
390798, 12.01
390803, 12.01
390808, 12.02
390813, 12.02
390818, 12.03
390823, 12.04
390828, 12.04
390833, 11.99
390838, 12.00
390843, 12.01
390848, 11.96
390853, 11.97
390858, 12.03
390863, 12.04
390868, 11.99
390873, 11.99
390878, 12.00
390883, 11.95
390888, 11.96
390893, 12.02
390898, 12.03
390903, 11.98
390908, 11.99
390913, 12.00
390918, 11.95
390923, 11.96
390928, 12.02
390933, 12.03
390938, 11.98
390943, 11.98
390948, 11.99
390953, 12.00
390958, 12.01
390963, 12.01
390968, 12.02
390973, 11.97
390978, 11.98
390983, 11.99
390988, 11.99
390993, 12.00
390998, 12.01
391003, 12.01
391008, 11.97
391013, 11.97
391018, 11.98
391023, 11.99
391028, 11.99
391033, 12.00
391038, 12.01
391043, 11.96
391048, 11.97
391053, 11.98
391058, 11.93
391063, 11.94
391068, 12.00
391073, 12.01
391078, 11.96
391083, 11.97
391088, 11.98
391093, 11.98
391098, 11.99
391103, 12.00
391108, 12.00
391113, 11.96
391118, 11.97
391123, 12.03
391128, 12.03
391133, 11.98
391138, 11.99
391143, 12.00
391148, 11.95
391153, 11.96
391158, 12.02
391163, 12.03
391168, 11.98
391173, 11.99
391178, 12.05
391183, 12.05
391188, 12.00
391193, 12.01
391198, 12.02
391203, 11.97
391208, 11.98
391213, 12.04
391218, 12.04
391223, 12.00
391228, 12.00
391233, 12.01
391238, 11.96
391243, 11.97
391248, 12.03
391253, 12.04
391258, 11.99
391263, 12.00
391268, 12.00
391273, 12.01
391278, 12.02
391283, 12.02
391288, 12.03
391293, 11.98
391298, 11.99
391303, 11.99
391308, 12.00
391313, 12.01
391318, 12.01
391323, 12.02
391328, 11.97
391333, 11.98
391338, 11.99
391343, 11.99
391348, 12.00
391353, 12.01
391358, 12.01
391363, 11.97
391368, 11.97
391373, 12.04
391378, 12.04
391383, 11.99
391388, 12.00
391393, 12.01
391398, 11.96
391403, 11.97
391408, 12.03
391413, 12.03
391418, 12.04
391423, 12.05
391428, 12.05
391433, 12.06
391438, 12.01
391443, 12.01
391448, 12.02
391453, 12.03
391458, 12.03
391463, 12.04
391468, 12.04
391473, 11.99
391478, 12.00
391483, 12.01
391488, 12.01
391493, 12.02
391498, 12.03
391503, 12.03
391508, 11.98
391513, 11.99
391518, 12.00
391523, 12.01
391528, 12.01
391533, 12.02
391538, 12.02
391543, 11.98
391548, 11.98
391553, 11.99
391558, 11.94
391563, 11.95
391568, 11.96
391573, 11.97
391578, 11.98
391583, 11.98
391588, 11.99
391593, 12.00
391598, 12.01
391603, 12.01
391608, 12.02
391613, 11.97
391618, 11.98
391623, 11.99
391628, 11.99
391633, 12.00
391638, 12.01
391643, 12.01
391648, 11.96
391653, 11.97
391658, 11.98
391663, 11.99
391668, 11.99
391673, 12.00
391678, 12.01
391683, 11.96
391688, 11.97
391693, 11.98
391698, 11.98
391703, 11.99
391708, 12.00
391713, 12.00
391718, 11.96
391723, 11.97
391728, 12.03
391733, 12.03
391738, 11.98
391743, 11.99
391748, 12.00
391753, 11.95
391758, 11.96
391763, 12.02
391768, 12.03
391773, 11.98
391778, 11.99
391783, 11.99
391788, 11.95
391793, 11.96
391798, 12.02
391803, 12.02
391808, 11.98
391813, 11.98
391818, 11.99
391823, 11.94
391828, 11.95
391833, 12.01
391838, 12.02
391843, 11.97
391848, 11.98
391853, 11.99
391858, 11.94
391863, 11.95
391868, 12.01
391873, 12.02
391878, 11.97
391883, 11.98
391888, 11.99
391893, 11.94
391898, 11.95
391903, 12.01
391908, 12.02
391913, 11.97
391918, 11.98
391923, 11.98
391928, 11.99
391933, 12.00
391938, 12.00
391943, 12.06
391948, 12.07
391953, 12.02
391958, 12.03
391963, 12.03
391968, 11.98
391973, 11.99
391978, 12.05
391983, 12.06
391988, 12.01
391993, 12.01
391998, 12.02
392003, 11.97
392008, 11.98
392013, 12.04
392018, 12.05
392023, 12.00
392028, 12.01
392033, 12.01
392038, 12.02
392043, 12.02
392048, 12.03
392053, 12.04
392058, 11.99
392063, 11.99
392068, 12.00
392073, 12.01
392078, 12.01
392083, 12.02
392088, 12.03
392093, 11.98
392098, 11.99
392103, 11.99
392108, 12.00
392113, 12.01
392118, 12.01
392123, 12.02
392128, 11.97
392133, 11.98
392138, 12.04
392143, 12.05
392148, 12.00
392153, 12.00
392158, 12.01
392163, 11.96
392168, 11.97
392173, 12.03
392178, 12.04
392183, 11.99
392188, 12.00
392193, 12.00
392198, 12.01
392203, 12.02
392208, 12.02
392213, 12.03
392218, 11.98
392223, 11.99
392228, 12.05
392233, 12.05
392238, 12.01
392243, 12.01
392248, 12.02
392253, 12.02
392258, 12.03
392263, 12.04
392268, 12.04
392273, 11.99
392278, 12.00
392283, 12.01
392288, 12.01
392293, 12.02
392298, 12.03
392303, 12.03
392308, 11.98
392313, 11.99
392318, 12.00
392323, 12.00
392328, 12.01
392333, 12.02
392338, 12.02
392343, 11.98
392348, 11.98
392353, 11.99
392358, 12.00
392363, 12.00
392368, 12.01
392373, 12.02
392378, 11.97
392383, 11.98
392388, 11.98
392393, 11.99
392398, 12.00
392403, 12.01
392408, 12.01
392413, 11.96
392418, 11.97
392423, 11.98
392428, 11.99
392433, 11.99
392438, 12.00
392443, 12.01
392448, 11.96
392453, 11.97
392458, 11.98
392463, 11.98
392468, 11.99
392473, 12.00
392478, 12.00
392483, 11.96
392488, 11.97
392493, 12.03
392498, 12.03
392503, 11.98
392508, 11.99
392513, 12.00
392518, 11.95
392523, 11.96
392528, 12.02
392533, 12.03
392538, 11.98
392543, 11.99
392548, 11.99
392553, 11.95
392558, 11.96
392563, 12.02
392568, 12.02
392573, 11.98
392578, 11.98
392583, 11.99
392588, 12.00
392593, 12.00
392598, 12.01
392603, 12.02
392608, 12.02
392613, 12.03
392618, 12.04
392623, 12.04
392628, 11.99
392633, 12.00
392638, 12.01
392643, 12.01
392648, 12.02
392653, 12.03
392658, 12.03
392663, 11.98
392668, 11.99
392673, 12.05
392678, 12.06
392683, 12.01
392688, 12.01
392693, 12.02
392698, 11.97
392703, 11.98
392708, 12.04
392713, 12.05
392718, 12.00
392723, 12.00
392728, 12.01
392733, 11.96
392738, 11.97
392743, 12.03
392748, 12.04
392753, 11.99
392758, 12.00
392763, 12.00
392768, 12.01
392773, 12.02
392778, 12.02
392783, 12.03
392788, 11.98
392793, 11.99
392798, 12.00
392803, 11.95
392808, 11.96
392813, 12.02
392818, 12.02
392823, 11.98
392828, 11.98
392833, 11.99
392838, 12.00
392843, 12.01
392848, 12.01
392853, 12.02
392858, 11.97
392863, 11.98
392868, 12.04
392873, 12.04
392878, 12.00
392883, 12.00
392888, 12.01
392893, 11.96
392898, 11.97
392903, 11.98
392908, 11.99
392913, 11.99
392918, 12.00
392923, 12.01
392928, 11.96
392933, 11.97
392938, 11.97
392943, 11.98
392948, 11.99
392953, 12.00
392958, 12.00
392963, 11.96
392968, 11.96
392973, 12.03
392978, 12.03
392983, 11.98
392988, 11.99
392993, 12.05
392998, 12.06
393003, 12.01
393008, 12.01
393013, 12.02
393018, 11.97
393023, 11.98
393028, 11.99
393033, 11.99
393038, 12.00
393043, 12.01
393048, 12.01
393053, 11.97
393058, 11.97
393063, 11.98
393068, 11.99
393073, 12.00
393078, 12.00
393083, 12.01
393088, 11.96
393093, 11.97
393098, 11.98
393103, 11.99
393108, 11.99
393113, 12.00
393118, 12.01
393123, 11.96
393128, 11.97
393133, 12.03
393138, 12.03
393143, 11.99
393148, 11.99
393153, 12.00
393158, 12.01
393163, 12.01
393168, 12.02
393173, 12.03
393178, 11.98
393183, 11.99
393188, 11.99
393193, 12.00
393198, 12.01
393203, 12.01
393208, 12.02
393213, 11.97
393218, 11.98
393223, 11.99
393228, 11.99
393233, 12.00
393238, 12.01
393243, 12.01
393248, 11.97
393253, 11.97
393258, 12.03
393263, 12.04
393268, 11.99
393273, 12.00
393278, 12.01
393283, 12.01
393288, 12.02
393293, 12.02
393298, 12.03
393303, 12.04
393308, 12.04
393313, 12.05
393318, 12.05
393323, 12.00
393328, 12.01
393333, 12.02
393338, 12.02
393343, 12.03
393348, 12.03
393353, 12.04
393358, 11.99
393363, 12.00
393368, 12.06
393373, 12.06
393378, 12.02
393383, 12.02
393388, 12.03
393393, 11.98
393398, 11.99
393403, 11.99
393408, 12.00
393413, 12.01
393418, 12.01
393423, 12.02
393428, 11.97
393433, 11.98
393438, 12.04
393443, 12.05
393448, 12.00
393453, 12.00
393458, 12.01
393463, 11.96
393468, 11.97
393473, 11.98
393478, 11.99
393483, 11.99
393488, 12.00
393493, 12.01
393498, 11.96
393503, 11.97
393508, 11.98
393513, 11.98
393518, 11.99
393523, 12.00
393528, 12.00
393533, 11.96
393538, 11.96
393543, 12.03
393548, 12.03
393553, 11.98
393558, 11.99
393563, 12.00
393568, 11.95
393573, 11.96
393578, 12.02
393583, 12.03
393588, 11.98
393593, 11.99
393598, 11.99
393603, 11.95
393608, 11.96
393613, 12.02
393618, 12.02
393623, 11.98
393628, 11.98
393633, 11.99
393638, 11.94
393643, 11.95
393648, 12.01
393653, 12.02
393658, 11.97
393663, 11.98
393668, 11.99
393673, 11.99
393678, 12.00
393683, 12.01
393688, 12.01
393693, 11.97
393698, 11.97
393703, 11.98
393708, 11.99
393713, 12.00
393718, 12.00
393723, 12.01
393728, 12.02
393733, 12.02
393738, 11.97
393743, 11.98
393748, 11.99
393753, 12.00
393758, 12.06
393763, 12.06
393768, 12.01
393773, 12.02
393778, 12.03
393783, 11.98
393788, 11.98
393793, 12.05
393798, 12.05
393803, 12.00
393808, 12.01
393813, 12.02
393818, 11.97
393823, 11.98
393828, 12.04
393833, 12.04
393838, 11.99
393843, 12.00
393848, 12.01
393853, 11.96
393858, 11.97
393863, 12.03
393868, 12.04
393873, 11.99
393878, 11.99
393883, 12.00
393888, 12.01
393893, 12.01
393898, 12.02
393903, 12.03
393908, 11.98
393913, 11.99
393918, 11.99
393923, 12.00
393928, 12.01
393933, 12.01
393938, 12.02
393943, 11.97
393948, 11.98
393953, 12.04
393958, 12.05
393963, 12.00
393968, 12.00
393973, 12.01
393978, 11.96
393983, 11.97
393988, 12.03
393993, 12.04
393998, 11.99
394003, 12.00
394008, 12.06
394013, 12.06
394018, 12.01
394023, 12.02
394028, 12.03
394033, 11.98
394038, 11.99
394043, 12.05
394048, 12.05
394053, 12.00
394058, 12.01
394063, 12.02
394068, 11.97
394073, 11.98
394078, 12.04
394083, 12.04
394088, 11.99
394093, 12.00
394098, 12.01
394103, 11.96
394108, 11.97
394113, 12.03
394118, 12.04
394123, 11.99
394128, 11.99
394133, 12.00
394138, 11.95
394143, 11.96
394148, 12.02
394153, 12.03
394158, 11.98
394163, 11.99
394168, 12.00
394173, 12.00
394178, 12.01
394183, 12.02
394188, 12.02
394193, 11.97
394198, 11.98
394203, 11.99
394208, 12.00
394213, 12.00
394218, 12.01
394223, 12.02
394228, 11.97
394233, 11.98
394238, 11.98
394243, 11.99
394248, 12.00
394253, 12.00
394258, 12.01
394263, 11.96
394268, 11.97
394273, 11.98
394278, 11.99
394283, 11.99
394288, 12.00
394293, 12.01
394298, 11.96
394303, 11.97
394308, 12.03
394313, 12.04
394318, 11.99
394323, 11.99
394328, 12.00
394333, 11.95
394338, 11.96
394343, 12.02
394348, 12.03
394353, 11.98
394358, 11.99
394363, 12.00
394368, 11.95
394373, 11.96
394378, 12.02
394383, 12.03
394388, 12.03
394393, 12.04
394398, 11.99
394403, 12.00
394408, 12.00
394413, 12.01
394418, 12.07
394423, 12.07
394428, 12.02
394433, 12.03
394438, 12.04
394443, 11.99
394448, 11.99
394453, 12.06
394458, 12.06
394463, 12.01
394468, 12.02
394473, 12.02
394478, 12.03
394483, 12.04
394488, 12.04
394493, 12.05
394498, 12.00
394503, 12.01
394508, 12.01
394513, 12.02
394518, 12.02
394523, 12.03
394528, 12.04
394533, 11.99
394538, 11.99
394543, 12.00
394548, 12.01
394553, 12.01
394558, 12.02
394563, 12.03
394568, 12.03
394573, 12.04
394578, 12.04
394583, 12.05
394588, 12.00
394593, 12.01
394598, 12.07
394603, 12.07
394608, 12.02
394613, 12.03
394618, 12.03
394623, 11.99
394628, 11.99
394633, 12.05
394638, 12.06
394643, 12.01
394648, 12.02
394653, 12.02
394658, 11.98
394663, 11.98
394668, 12.04
394673, 12.05
394678, 12.00
394683, 12.01
394688, 12.01
394693, 11.97
394698, 11.97
394703, 11.98
394708, 11.93
394713, 11.94
394718, 12.01
394723, 12.01
394728, 11.96
394733, 11.97
394738, 11.98
394743, 11.99
394748, 11.99
394753, 12.00
394758, 12.01
394763, 11.96
394768, 11.97
394773, 11.98
394778, 11.93
394783, 11.94
394788, 12.00
394793, 12.01
394798, 11.96
394803, 11.97
394808, 11.98
394813, 11.98
394818, 11.99
394823, 12.00
394828, 12.00
394833, 11.96
394838, 11.97
394843, 11.97
394848, 11.98
394853, 11.99
394858, 11.99
394863, 12.00
394868, 11.95
394873, 11.96
394878, 11.97
394883, 11.98
394888, 11.99
394893, 11.99
394898, 12.00
394903, 11.95
394908, 11.96
394913, 11.97
394918, 11.98
394923, 11.98
394928, 11.99
394933, 12.00
394938, 11.95
394943, 11.96
394948, 12.02
394953, 12.03
394958, 11.98
394963, 11.99
394968, 11.99
394973, 12.00
394978, 12.01
394983, 12.01
394988, 12.02
394993, 11.97
394998, 11.98
395003, 11.99
395008, 11.99
395013, 12.00
395018, 12.01
395023, 12.01
395028, 11.97
395033, 11.97
395038, 11.98
395043, 11.99
395048, 12.00
395053, 12.00
395058, 12.01
395063, 11.96
395068, 11.97
395073, 12.03
395078, 12.04
395083, 11.99
395088, 12.00
395093, 12.00
395098, 12.01
395103, 12.02
395108, 12.02
395113, 12.03
395118, 12.03
395123, 12.04
395128, 12.05
395133, 12.05
395138, 12.00
395143, 12.01
395148, 12.07
395153, 12.07
395158, 12.02
395163, 12.03
395168, 12.04
395173, 11.99
395178, 11.99
395183, 12.06
395188, 12.06
395193, 12.01
395198, 12.02
395203, 12.02
395208, 11.98
395213, 11.98
395218, 12.04
395223, 12.05
395228, 12.00
395233, 12.01
395238, 12.01
395243, 12.02
395248, 12.03
395253, 12.03
395258, 12.04
395263, 11.99
395268, 12.00
395273, 12.00
395278, 12.01
395283, 12.02
395288, 12.02
395293, 12.03
395298, 11.98
395303, 11.99
395308, 12.00
395313, 12.00
395318, 12.01
395323, 12.02
395328, 12.02
395333, 11.97
395338, 11.98
395343, 11.99
395348, 12.00
395353, 12.00
395358, 12.01
395363, 12.02
395368, 11.97
395373, 11.98
395378, 11.98
395383, 11.99
395388, 12.00
395393, 12.00
395398, 12.01
395403, 11.96
395408, 11.97
395413, 11.98
395418, 11.93
395423, 11.94
395428, 12.00
395433, 12.01
395438, 11.96
395443, 11.97
395448, 11.98
395453, 11.99
395458, 11.99
395463, 12.00
395468, 12.01
395473, 11.96
395478, 11.97
395483, 11.97
395488, 11.93
395493, 11.94
395498, 12.00
395503, 12.01
395508, 11.96
395513, 11.97
395518, 11.97
395523, 11.98
395528, 11.99
395533, 12.00
395538, 12.00
395543, 11.96
395548, 11.96
395553, 11.97
395558, 11.98
395563, 11.99
395568, 11.99
395573, 12.00
395578, 12.01
395583, 12.01
395588, 11.97
395593, 11.97
395598, 11.98
395603, 11.99
395608, 12.05
395613, 12.06
395618, 12.01
395623, 12.01
395628, 12.02
395633, 11.97
395638, 11.98
395643, 12.04
395648, 12.05
395653, 12.00
395658, 12.00
395663, 12.01
395668, 11.96
395673, 11.97
395678, 12.03
395683, 12.04
395688, 11.99
395693, 12.00
395698, 12.00
395703, 12.01
395708, 12.02
395713, 12.02
395718, 12.03
395723, 11.98
395728, 11.99
395733, 11.99
395738, 12.00
395743, 12.01
395748, 12.01
395753, 12.02
395758, 12.03
395763, 12.03
395768, 12.04
395773, 12.04
395778, 12.05
395783, 12.05
395788, 12.06
395793, 12.06
395798, 12.02
395803, 12.02
395808, 12.03
395813, 12.03
395818, 12.04
395823, 12.04
395828, 12.05
395833, 12.00
395838, 12.01
395843, 12.01
395848, 12.02
395853, 12.03
395858, 12.03
395863, 12.04
395868, 11.99
395873, 12.00
395878, 12.00
395883, 12.01
395888, 12.02
395893, 12.02
395898, 12.03
395903, 11.98
395908, 11.99
395913, 12.05
395918, 12.05
395923, 12.01
395928, 12.01
395933, 12.02
395938, 11.97
395943, 11.98
395948, 12.04
395953, 12.05
395958, 12.00
395963, 12.00
395968, 12.01
395973, 11.96
395978, 11.97
395983, 11.98
395988, 11.99
395993, 11.99
395998, 12.00
396003, 12.01
396008, 11.96
396013, 11.97
396018, 11.97
396023, 11.98
396028, 11.99
396033, 12.00
396038, 12.00
396043, 11.96
396048, 11.96
396053, 12.03
396058, 12.03
396063, 11.98
396068, 11.99
396073, 12.00
396078, 11.95
396083, 11.96
396088, 11.97
396093, 11.97
396098, 11.98
396103, 11.99
396108, 12.00
396113, 11.95
396118, 11.96
396123, 11.97
396128, 11.97
396133, 11.98
396138, 11.99
396143, 12.00
396148, 11.95
396153, 11.96
396158, 11.96
396163, 11.97
396168, 11.98
396173, 11.99
396178, 11.99
396183, 11.95
396188, 11.96
396193, 11.96
396198, 11.97
396203, 11.98
396208, 11.99
396213, 11.99
396218, 11.95
396223, 11.95
396228, 12.02
396233, 12.02
396238, 11.98
396243, 11.98
396248, 11.99
396253, 11.94
396258, 11.95
396263, 12.01
396268, 12.02
396273, 11.97
396278, 11.98
396283, 11.99
396288, 11.94
396293, 11.95
396298, 12.01
396303, 12.02
396308, 12.02
396313, 12.03
396318, 12.04
396323, 12.04
396328, 11.99
396333, 12.00
396338, 12.01
396343, 12.01
396348, 12.02
396353, 12.03
396358, 12.03
396363, 11.98
396368, 11.99
396373, 12.05
396378, 12.06
396383, 12.01
396388, 12.01
396393, 12.02
396398, 12.03
396403, 12.03
396408, 12.04
396413, 12.04
396418, 11.99
396423, 12.00
396428, 12.01
396433, 12.01
396438, 12.02
396443, 12.03
396448, 12.03
396453, 11.98
396458, 11.99
396463, 12.05
396468, 12.06
396473, 12.01
396478, 12.02
396483, 12.02
396488, 12.03
396493, 12.03
396498, 12.04
396503, 12.04
396508, 12.00
396513, 12.00
396518, 12.01
396523, 12.02
396528, 12.02
396533, 12.03
396538, 12.03
396543, 11.99
396548, 11.99
396553, 12.05
396558, 12.06
396563, 12.01
396568, 12.02
396573, 12.02
396578, 11.97
396583, 11.98
396588, 12.04
396593, 12.05
396598, 12.00
396603, 12.01
396608, 12.01
396613, 11.97
396618, 11.97
396623, 12.03
396628, 12.04
396633, 11.99
396638, 12.00
396643, 12.01
396648, 11.96
396653, 11.97
396658, 12.03
396663, 12.03
396668, 11.99
396673, 11.99
396678, 12.00
396683, 11.95
396688, 11.96
396693, 12.02
396698, 12.03
396703, 11.98
396708, 11.99
396713, 11.99
396718, 11.95
396723, 11.96
396728, 11.96
396733, 11.97
396738, 11.98
396743, 11.99
396748, 11.99
396753, 11.95
396758, 11.96
396763, 12.02
396768, 12.02
396773, 11.98
396778, 11.98
396783, 11.99
396788, 11.94
396793, 11.95
396798, 12.01
396803, 12.02
396808, 11.97
396813, 11.98
396818, 11.99
396823, 11.94
396828, 11.95
396833, 12.01
396838, 12.02
396843, 11.97
396848, 11.98
396853, 11.98
396858, 11.94
396863, 11.95
396868, 12.01
396873, 12.02
396878, 11.97
396883, 11.98
396888, 11.98
396893, 11.99
396898, 12.00
396903, 12.00
396908, 12.01
396913, 11.96
396918, 11.97
396923, 12.03
396928, 12.04
396933, 11.99
396938, 12.00
396943, 12.00
396948, 11.96
396953, 11.96
396958, 12.03
396963, 12.03
396968, 11.98
396973, 11.99
396978, 12.00
396983, 12.00
396988, 12.01
396993, 12.02
396998, 12.02
397003, 12.03
397008, 12.04
397013, 12.04
397018, 12.05
397023, 12.00
397028, 12.00
397033, 12.07
397038, 12.07
397043, 12.02
397048, 12.03
397053, 12.03
397058, 11.98
397063, 11.99
397068, 12.05
397073, 12.06
397078, 12.01
397083, 12.02
397088, 12.02
397093, 11.97
397098, 11.98
397103, 12.04
397108, 12.05
397113, 12.00
397118, 12.01
397123, 12.01
397128, 12.02
397133, 12.02
397138, 12.03
397143, 12.04
397148, 12.04
397153, 12.05
397158, 12.05
397163, 12.06
397168, 12.01
397173, 12.02
397178, 12.02
397183, 11.97
397188, 11.98
397193, 12.04
397198, 12.05
397203, 12.00
397208, 12.01
397213, 12.01
397218, 12.02
397223, 12.02
397228, 12.03
397233, 12.04
397238, 11.99
397243, 12.00
397248, 12.06
397253, 12.06
397258, 12.01
397263, 12.02
397268, 12.02
397273, 11.98
397278, 11.98
397283, 11.99
397288, 12.00
397293, 12.00
397298, 11.96
397303, 11.97
397308, 11.97
397313, 11.98
397318, 11.99
397323, 11.94
397328, 11.95
397333, 11.96
397338, 11.97
397343, 11.97
397348, 11.98
397353, 11.99
397358, 12.00
397363, 12.00
397368, 12.01
397373, 12.02
397378, 11.97
397383, 11.98
397388, 11.98
397393, 11.94
397398, 11.95
397403, 11.95
397408, 11.96
397413, 11.97
397418, 11.98
397423, 11.98
397428, 11.94
397433, 11.95
397438, 11.95
397443, 11.96
397448, 11.97
397453, 11.98
397458, 11.99
397463, 11.99
397468, 12.00
397473, 11.95
397478, 11.96
397483, 11.97
397488, 11.98
397493, 11.98
397498, 11.94
397503, 11.95
397508, 12.01
397513, 12.01
397518, 11.97
397523, 11.97
397528, 11.98
397533, 11.99
397538, 12.00
397543, 12.00
397548, 12.01
397553, 11.96
397558, 11.97
397563, 12.03
397568, 12.04
397573, 11.99
397578, 12.00
397583, 12.00
397588, 12.01
397593, 12.02
397598, 12.02
397603, 12.03
397608, 11.98
397613, 11.99
397618, 12.05
397623, 12.05
397628, 12.00
397633, 12.01
397638, 12.02
397643, 11.97
397648, 11.98
397653, 12.04
397658, 12.04
397663, 12.00
397668, 12.00
397673, 12.01
397678, 12.02
397683, 12.02
397688, 12.03
397693, 12.03
397698, 12.04
397703, 12.05
397708, 12.05
397713, 12.06
397718, 12.01
397723, 12.01
397728, 12.02
397733, 12.03
397738, 12.03
397743, 12.04
397748, 12.04
397753, 11.99
397758, 12.00
397763, 12.06
397768, 12.07
397773, 12.02
397778, 12.02
397783, 12.03
397788, 11.98
397793, 11.99
397798, 12.05
397803, 12.05
397808, 12.01
397813, 12.01
397818, 12.02
397823, 11.97
397828, 11.98
397833, 12.04
397838, 12.05
397843, 12.00
397848, 12.00
397853, 12.01
397858, 12.02
397863, 12.02
397868, 12.03
397873, 12.03
397878, 12.04
397883, 12.05
397888, 12.00
397893, 12.00
397898, 12.01
397903, 12.02
397908, 12.02
397913, 12.03
397918, 12.03
397923, 11.99
397928, 11.99
397933, 12.00
397938, 12.01
397943, 12.01
397948, 12.02
397953, 12.03
397958, 11.98
397963, 11.93
397968, 11.94
397973, 12.00
397978, 12.01
397983, 11.96
397988, 11.97
397993, 11.98
397998, 11.98
398003, 11.99
398008, 12.00
398013, 12.01
398018, 11.96
398023, 11.97
398028, 11.97
398033, 11.93
398038, 11.94
398043, 12.00
398048, 12.01
398053, 11.96
398058, 11.97
398063, 11.97
398068, 11.98
398073, 11.99
398078, 12.00
398083, 12.00
398088, 11.96
398093, 11.96
398098, 11.97
398103, 11.98
398108, 11.99
398113, 11.99
398118, 12.00
398123, 11.95
398128, 11.96
398133, 11.97
398138, 11.98
398143, 11.98
398148, 11.99
398153, 12.00
398158, 12.01
398163, 12.01
398168, 11.96
398173, 11.97
398178, 11.98
398183, 11.99
398188, 11.99
398193, 12.00
398198, 12.01
398203, 12.01
398208, 12.02
398213, 11.97
398218, 11.98
398223, 11.99
398228, 11.99
398233, 12.00
398238, 12.01
398243, 12.01
398248, 11.97
398253, 11.97
398258, 12.04
398263, 12.04
398268, 11.99
398273, 12.00
398278, 12.01
398283, 11.96
398288, 11.97
398293, 12.03
398298, 12.03
398303, 11.99
398308, 11.99
398313, 12.00
398318, 12.01
398323, 12.01
398328, 12.02
398333, 12.03
398338, 11.98
398343, 11.99
398348, 12.05
398353, 12.05
398358, 12.00
398363, 12.01
398368, 12.02
398373, 12.02
398378, 12.03
398383, 12.03
398388, 12.04
398393, 11.99
398398, 12.00
398403, 12.06
398408, 12.06
398413, 12.01
398418, 12.02
398423, 12.03
398428, 11.98
398433, 11.99
398438, 12.05
398443, 12.05
398448, 12.00
398453, 12.01
398458, 12.02
398463, 11.97
398468, 11.98
398473, 12.04
398478, 12.04
398483, 12.00
398488, 12.00
398493, 12.01
398498, 12.02
398503, 12.02
398508, 12.03
398513, 12.03
398518, 11.99
398523, 11.99
398528, 12.00
398533, 12.01
398538, 12.01
398543, 12.02
398548, 12.02
398553, 11.98
398558, 11.98
398563, 11.99
398568, 12.00
398573, 12.01
398578, 12.01
398583, 12.02
398588, 11.97
398593, 11.98
398598, 11.99
398603, 11.94
398608, 11.95
398613, 12.01
398618, 12.02
398623, 11.97
398628, 11.98
398633, 11.98
398638, 11.94
398643, 11.95
398648, 12.01
398653, 12.01
398658, 11.97
398663, 11.97
398668, 11.98
398673, 11.99
398678, 12.00
398683, 12.00
398688, 12.01
398693, 11.96
398698, 11.97
398703, 11.98
398708, 11.93
398713, 11.94
398718, 12.00
398723, 12.01
398728, 11.96
398733, 11.97
398738, 11.98
398743, 11.98
398748, 11.99
398753, 12.00
398758, 12.01
398763, 11.96
398768, 11.97
398773, 11.97
398778, 11.98
398783, 11.99
398788, 12.00
398793, 12.00
398798, 11.96
398803, 11.96
398808, 11.97
398813, 11.98
398818, 11.99
398823, 11.99
398828, 12.00
398833, 11.95
398838, 11.96
398843, 11.97
398848, 11.98
398853, 11.98
398858, 11.99
398863, 12.00
398868, 11.95
398873, 11.96
398878, 12.02
398883, 12.03
398888, 12.03
398893, 12.04
398898, 12.04
398903, 12.05
398908, 12.00
398913, 12.01
398918, 12.01
398923, 12.02
398928, 12.03
398933, 12.03
398938, 12.04
398943, 11.99
398948, 12.00
398953, 12.06
398958, 12.06
398963, 12.01
398968, 12.02
398973, 12.03
398978, 11.98
398983, 11.99
398988, 12.05
398993, 12.05
398998, 12.00
399003, 12.01
399008, 12.02
399013, 12.02
399018, 12.03
399023, 12.03
399028, 12.04
399033, 11.99
399038, 12.00
399043, 12.00
399048, 12.01
399053, 12.02
399058, 12.02
399063, 12.03
399068, 12.04
399073, 12.04
399078, 12.05
399083, 12.05
399088, 12.00
399093, 12.01
399098, 12.07
399103, 12.07
399108, 12.03
399113, 12.03
399118, 12.04
399123, 11.99
399128, 12.00
399133, 12.06
399138, 12.06
399143, 12.01
399148, 12.02
399153, 12.02
399158, 11.98
399163, 11.98
399168, 12.05
399173, 12.05
399178, 12.00
399183, 12.01
399188, 12.01
399193, 11.97
399198, 11.97
399203, 12.04
399208, 12.04
399213, 11.99
399218, 11.95
399223, 11.95
399228, 11.96
399233, 11.97
399238, 11.98
399243, 11.99
399248, 11.99
399253, 12.00
399258, 12.01
399263, 11.96
399268, 11.97
399273, 11.97
399278, 11.98
399283, 11.99
399288, 11.94
399293, 11.95
399298, 11.96
399303, 11.97
399308, 11.98
399313, 11.93
399318, 11.94
399323, 11.95
399328, 11.95
399333, 11.96
399338, 11.97
399343, 11.98
399348, 11.93
399353, 11.94
399358, 11.95
399363, 11.96
399368, 11.97
399373, 11.97
399378, 11.98
399383, 11.93
399388, 11.94
399393, 11.95
399398, 11.96
399403, 11.97
399408, 11.98
399413, 11.98
399418, 11.99
399423, 12.00
399428, 12.00
399433, 12.01
399438, 11.96
399443, 11.97
399448, 12.03
399453, 12.04
399458, 11.99
399463, 12.00
399468, 12.00
399473, 11.96
399478, 11.96
399483, 12.03
399488, 12.03
399493, 11.98
399498, 11.99
399503, 12.00
399508, 12.00
399513, 12.01
399518, 12.02
399523, 12.02
399528, 11.98
399533, 11.98
399538, 12.04
399543, 12.05
399548, 12.00
399553, 12.01
399558, 12.01
399563, 11.97
399568, 11.97
399573, 12.04
399578, 12.04
399583, 12.05
399588, 12.05
399593, 12.06
399598, 12.06
399603, 12.01
399608, 12.02
399613, 12.03
399618, 12.03
399623, 12.04
399628, 12.04
399633, 12.05
399638, 12.00
399643, 12.01
399648, 12.07
399653, 12.07
399658, 12.02
399663, 12.03
399668, 12.03
399673, 11.99
399678, 11.99
399683, 12.05
399688, 12.06
399693, 12.06
399698, 12.07
399703, 12.02
399708, 12.03
399713, 12.03
399718, 12.04
399723, 12.04
399728, 12.05
399733, 12.05
399738, 12.06
399743, 12.06
399748, 12.01
399753, 12.02
399758, 12.08
399763, 12.08
399768, 12.03
