521908, 0.00
521913, 0.00
521918, 0.05
521923, 0.11
521928, 0.16
521933, 0.26
521938, 0.36
521943, 0.51
521948, 0.66
521953, 0.80
521958, 0.99
521963, 1.23
521968, 1.46
521973, 1.63
521978, 1.85
521983, 2.12
521988, 2.38
521993, 2.63
521998, 2.87
522003, 3.10
522008, 3.39
522013, 3.66
522018, 3.87
522023, 4.13
522028, 4.43
522033, 4.67
522038, 4.91
522043, 5.19
522048, 5.40
522053, 5.62
522058, 5.87
522063, 6.12
522068, 6.37
522073, 6.60
522078, 6.83
522083, 7.00
522088, 7.16
522093, 7.42
522098, 7.68
522103, 7.87
522108, 8.06
522113, 8.24
522118, 8.42
522123, 8.59
522128, 8.76
522133, 8.92
522138, 9.07
522143, 9.23
522148, 9.37
522153, 9.57
522158, 9.76
522163, 9.89
522168, 10.07
522173, 10.24
522178, 10.36
522183, 10.47
522188, 10.58
522193, 10.68
522198, 10.84
522203, 10.99
522208, 11.08
522213, 11.22
522218, 11.36
522223, 11.44
522228, 11.52
522233, 11.60
522238, 11.72
522243, 11.85
522248, 11.97
522253, 12.08
522258, 12.14
522263, 12.20
522268, 12.25
522273, 12.36
522278, 12.46
522283, 12.51
522288, 12.61
522293, 12.70
522298, 12.74
522303, 12.78
522308, 12.87
522313, 12.96
522318, 12.99
522323, 13.07
522328, 13.15
522333, 13.18
522338, 13.20
522343, 13.28
522348, 13.36
522353, 13.43
522358, 13.50
522363, 13.51
522368, 13.53
522373, 13.60
522378, 13.66
522383, 13.72
522388, 13.79
522393, 13.79
522398, 13.80
522403, 13.80
522408, 13.86
522413, 13.97
522418, 14.03
522423, 14.02
522428, 14.02
522433, 14.07
522438, 14.12
522443, 14.12
522448, 14.17
522453, 14.22
522458, 14.21
522463, 14.25
522468, 14.30
522473, 14.29
522478, 14.33
522483, 14.38
522488, 14.36
522493, 14.40
522498, 14.44
522503, 14.43
522508, 14.47
522513, 14.51
522518, 14.49
522523, 14.53
522528, 14.56
522533, 14.55
522538, 14.58
522543, 14.62
522548, 14.60
522553, 14.58
522558, 14.61
522563, 14.65
522568, 14.62
522573, 14.66
522578, 14.69
522583, 14.67
522588, 14.70
522593, 14.73
522598, 14.76
522603, 14.79
522608, 14.77
522613, 14.74
522618, 14.72
522623, 14.75
522628, 14.78
522633, 14.81
522638, 14.83
522643, 14.81
522648, 14.78
522653, 14.81
522658, 14.89
522663, 14.92
522668, 14.89
522673, 14.86
522678, 14.83
522683, 14.86
522688, 14.88
522693, 14.91
522698, 14.93
522703, 14.90
522708, 14.87
522713, 14.90
522718, 14.93
522723, 14.95
522728, 14.97
522733, 14.94
522738, 14.91
522743, 14.94
522748, 14.96
522753, 14.93
522758, 14.95
522763, 14.98
522768, 14.95
522773, 14.97
522778, 14.99
522783, 14.96
522788, 14.98
522793, 15.01
522798, 14.97
522803, 15.00
522808, 15.02
522813, 14.99
522818, 14.95
522823, 14.98
522828, 15.00
522833, 14.97
522838, 14.94
522843, 14.96
522848, 14.98
522853, 15.01
522858, 15.03
522863, 14.99
522868, 14.96
522873, 14.99
522878, 15.06
522883, 15.08
522888, 15.05
522893, 15.01
522898, 14.98
522903, 15.00
522908, 15.03
522913, 15.05
522918, 15.07
522923, 15.03
522928, 15.00
522933, 15.02
522938, 15.04
522943, 15.06
522948, 15.08
522953, 15.05
522958, 15.02
522963, 15.04
522968, 15.06
522973, 15.02
522978, 15.04
522983, 15.07
522988, 15.03
522993, 15.05
522998, 15.07
523003, 15.04
523008, 15.06
523013, 15.08
523018, 15.04
523023, 15.06
523028, 15.08
523033, 15.05
523038, 15.07
523043, 15.09
523048, 15.06
523053, 15.02
523058, 15.04
523063, 15.06
523068, 15.08
523073, 15.10
523078, 15.07
523083, 15.03
523088, 15.05
523093, 15.07
523098, 15.09
523103, 15.11
523108, 15.08
523113, 15.04
523118, 15.06
523123, 15.08
523128, 15.10
523133, 15.12
523138, 15.09
523143, 15.05
523148, 15.02
523153, 15.04
523158, 15.11
523163, 15.13
523168, 15.10
523173, 15.06
523178, 15.08
523183, 15.10
523188, 15.12
523193, 15.14
523198, 15.10
523203, 15.07
523208, 15.09
523213, 15.10
523218, 15.12
523223, 15.14
523228, 15.10
523233, 15.07
523238, 15.09
523243, 15.11
523248, 15.13
523253, 15.14
523258, 15.11
523263, 15.07
523268, 15.09
523273, 15.11
523278, 15.13
523283, 15.15
523288, 15.11
523293, 15.08
523298, 15.10
523303, 15.11
523308, 15.08
523313, 15.10
523318, 15.12
523323, 15.08
523328, 15.10
523333, 15.12
523338, 15.08
523343, 15.10
523348, 15.12
523353, 15.09
523358, 15.05
523363, 15.07
523368, 15.09
523373, 15.11
523378, 15.13
523383, 15.09
523388, 15.06
523393, 15.02
523398, 15.04
523403, 15.07
523408, 15.09
523413, 15.10
523418, 15.07
523423, 15.03
523428, 15.06
523433, 15.13
523438, 15.15
523443, 15.11
523448, 15.08
523453, 15.04
523458, 15.06
523463, 15.08
523468, 15.10
523473, 15.12
523478, 15.08
523483, 15.05
523488, 15.07
523493, 15.09
523498, 15.11
523503, 15.13
523508, 15.09
523513, 15.06
523518, 15.08
523523, 15.10
523528, 15.06
523533, 15.08
523538, 15.10
523543, 15.07
523548, 15.09
523553, 15.10
523558, 15.07
523563, 15.09
523568, 15.11
523573, 15.07
523578, 15.04
523583, 15.06
523588, 15.08
523593, 15.10
523598, 15.12
523603, 15.08
523608, 15.05
523613, 15.01
523618, 15.03
523623, 15.06
523628, 15.08
523633, 15.10
523638, 15.06
523643, 15.03
523648, 15.05
523653, 15.07
523658, 15.09
523663, 15.11
523668, 15.07
523673, 15.04
523678, 15.06
523683, 15.08
523688, 15.10
523693, 15.12
523698, 15.08
523703, 15.05
523708, 15.07
523713, 15.09
523718, 15.11
523723, 15.12
523728, 15.09
523733, 15.05
523738, 15.07
523743, 15.09
523748, 15.11
523753, 15.13
523758, 15.09
523763, 15.06
523768, 15.08
523773, 15.10
523778, 15.12
523783, 15.14
523788, 15.10
523793, 15.06
523798, 15.08
523803, 15.10
523808, 15.12
523813, 15.14
523818, 15.10
523823, 15.07
523828, 15.09
523833, 15.11
523838, 15.07
523843, 15.09
523848, 15.11
523853, 15.08
523858, 15.10
523863, 15.11
523868, 15.08
523873, 15.10
523878, 15.12
523883, 15.08
523888, 15.10
523893, 15.12
523898, 15.08
523903, 15.10
523908, 15.12
523913, 15.09
523918, 15.05
523923, 15.07
523928, 15.09
523933, 15.11
523938, 15.13
523943, 15.09
523948, 15.06
523953, 15.08
523958, 15.10
523963, 15.12
523968, 15.13
523973, 15.10
523978, 15.06
523983, 15.08
523988, 15.10
523993, 15.12
523998, 15.14
524003, 15.10
524008, 15.07
524013, 15.09
524018, 15.11
524023, 15.13
524028, 15.14
524033, 15.11
524038, 15.07
524043, 15.09
524048, 15.11
524053, 15.07
524058, 15.09
524063, 15.11
524068, 15.08
524073, 15.04
524078, 15.06
524083, 15.08
524088, 15.10
524093, 15.12
524098, 15.09
524103, 15.05
524108, 15.07
524113, 15.09
524118, 15.06
524123, 15.08
524128, 15.10
524133, 15.06
524138, 15.08
524143, 15.10
524148, 15.07
524153, 15.08
524158, 15.10
524163, 15.07
524168, 15.03
524173, 15.06
524178, 15.08
524183, 15.10
524188, 15.11
524193, 15.08
524198, 15.04
524203, 15.01
524208, 15.03
524213, 15.11
524218, 15.13
524223, 15.09
524228, 15.05
524233, 15.02
524238, 15.04
524243, 15.12
524248, 15.14
524253, 15.10
524258, 15.06
524263, 15.08
524268, 15.10
524273, 15.07
524278, 15.09
524283, 15.11
524288, 15.07
524293, 15.04
524298, 15.06
524303, 15.08
524308, 15.10
524313, 15.12
524318, 15.08
524323, 15.05
524328, 15.07
524333, 15.09
524338, 15.11
524343, 15.12
524348, 15.09
524353, 15.11
524358, 15.13
524363, 15.09
524368, 15.06
524373, 15.08
524378, 15.09
524383, 15.06
524388, 15.08
524393, 15.10
524398, 15.06
524403, 15.08
524408, 15.10
524413, 15.07
524418, 15.09
524423, 15.11
524428, 15.07
524433, 15.09
524438, 15.11
524443, 15.07
524448, 15.09
524453, 15.11
524458, 15.08
524463, 15.10
524468, 15.12
524473, 15.08
524478, 15.05
524483, 15.07
524488, 15.14
524493, 15.16
524498, 15.12
524503, 15.09
524508, 15.05
524513, 15.07
524518, 15.14
524523, 15.16
524528, 15.12
524533, 15.09
524538, 15.05
524543, 15.07
524548, 15.15
524553, 15.17
524558, 15.13
524563, 15.09
524568, 15.11
524573, 15.13
524578, 15.09
524583, 15.11
524588, 15.13
524593, 15.09
524598, 15.06
524603, 15.08
524608, 15.10
524613, 15.12
524618, 15.14
524623, 15.10
524628, 15.06
524633, 15.08
524638, 15.10
524643, 15.07
524648, 15.09
524653, 15.11
524658, 15.07
524663, 15.09
524668, 15.11
524673, 15.08
524678, 15.09
524683, 15.11
524688, 15.08
524693, 15.04
524698, 15.06
524703, 15.08
524708, 15.10
524713, 15.12
524718, 15.09
524723, 15.05
524728, 15.02
524733, 15.04
524738, 15.11
524743, 15.13
524748, 15.10
524753, 15.06
524758, 15.03
524763, 15.05
524768, 15.07
524773, 15.09
524778, 15.11
524783, 15.07
524788, 15.04
524793, 15.06
524798, 15.08
524803, 15.10
524808, 15.12
524813, 15.08
524818, 15.05
524823, 15.07
524828, 15.09
524833, 15.05
524838, 15.07
524843, 15.09
524848, 15.06
524853, 15.02
524858, 15.04
524863, 15.06
524868, 15.08
524873, 15.10
524878, 15.07
524883, 15.03
524888, 15.06
524893, 15.08
524898, 15.10
524903, 15.11
524908, 15.08
524913, 15.04
524918, 15.06
524923, 15.08
524928, 15.10
524933, 15.12
524938, 15.09
524943, 15.05
524948, 15.02
524953, 15.04
524958, 15.06
524963, 15.08
524968, 15.10
524973, 15.06
524978, 15.03
524983, 15.05
524988, 15.07
524993, 15.09
524998, 15.11
525003, 15.07
525008, 15.04
525013, 15.06
525018, 15.08
525023, 15.10
525028, 15.12
525033, 15.08
525038, 15.05
525043, 15.07
525048, 15.09
525053, 15.11
525058, 15.13
525063, 15.09
525068, 15.06
525073, 15.08
525078, 15.10
525083, 15.11
525088, 15.13
525093, 15.10
525098, 15.06
525103, 15.08
525108, 15.10
525113, 15.07
525118, 15.09
525123, 15.10
525128, 15.07
525133, 15.09
525138, 15.11
525143, 15.07
525148, 15.09
525153, 15.11
525158, 15.08
525163, 15.10
525168, 15.11
525173, 15.08
525178, 15.10
525183, 15.12
525188, 15.08
525193, 15.10
525198, 15.12
525203, 15.08
525208, 15.10
525213, 15.12
525218, 15.09
525223, 15.05
525228, 15.07
525233, 15.09
525238, 15.11
525243, 15.13
525248, 15.09
525253, 15.06
525258, 15.08
525263, 15.10
525268, 15.12
525273, 15.13
525278, 15.10
525283, 15.06
525288, 15.03
525293, 15.05
525298, 15.12
525303, 15.14
525308, 15.11
525313, 15.07
525318, 15.04
525323, 15.06
525328, 15.13
525333, 15.15
525338, 15.11
525343, 15.08
525348, 15.10
525353, 15.12
525358, 15.08
525363, 15.10
525368, 15.12
525373, 15.08
525378, 15.05
525383, 15.07
525388, 15.09
525393, 15.05
525398, 15.07
525403, 15.09
525408, 15.06
525413, 15.08
525418, 15.10
525423, 15.06
525428, 15.08
525433, 15.10
525438, 15.07
525443, 15.03
525448, 15.05
525453, 15.07
525458, 15.09
525463, 15.11
525468, 15.08
525473, 15.04
525478, 15.06
525483, 15.08
525488, 15.10
525493, 15.12
525498, 15.08
525503, 15.05
525508, 15.07
525513, 15.09
525518, 15.11
525523, 15.13
525528, 15.09
525533, 15.06
525538, 15.08
525543, 15.10
525548, 15.06
525553, 15.08
525558, 15.10
525563, 15.07
525568, 15.03
525573, 15.05
525578, 15.13
525583, 15.14
525588, 15.11
525593, 15.07
525598, 15.04
525603, 15.06
525608, 15.08
525613, 15.10
525618, 15.12
525623, 15.08
525628, 15.05
525633, 15.07
525638, 15.09
525643, 15.11
525648, 15.13
525653, 15.09
525658, 15.05
525663, 15.07
525668, 15.09
525673, 15.06
525678, 15.08
525683, 15.10
525688, 15.06
525693, 15.08
525698, 15.10
525703, 15.12
525708, 15.14
525713, 15.10
525718, 15.07
525723, 15.09
525728, 15.11
525733, 15.07
525738, 15.09
525743, 15.11
525748, 15.07
525753, 15.09
525758, 15.11
525763, 15.13
525768, 15.15
525773, 15.11
525778, 15.08
525783, 15.10
525788, 15.12
525793, 15.13
525798, 15.15
525803, 15.12
525808, 15.08
525813, 15.04
525818, 15.07
525823, 15.14
525828, 15.16
525833, 15.12
525838, 15.08
525843, 15.10
525848, 15.12
525853, 15.14
525858, 15.16
525863, 15.12
525868, 15.08
525873, 15.05
525878, 15.07
525883, 15.14
525888, 15.16
525893, 15.12
525898, 15.09
525903, 15.05
525908, 15.07
525913, 15.09
525918, 15.11
525923, 15.13
525928, 15.09
525933, 15.11
525938, 15.13
525943, 15.10
525948, 15.06
525953, 15.08
525958, 15.10
525963, 15.07
525968, 15.09
525973, 15.10
525978, 15.07
525983, 15.09
525988, 15.11
525993, 15.07
525998, 15.09
526003, 15.11
526008, 15.08
526013, 15.10
526018, 15.11
526023, 15.08
526028, 15.10
526033, 15.12
526038, 15.08
526043, 15.10
526048, 15.12
526053, 15.08
526058, 15.10
526063, 15.12
526068, 15.09
526073, 15.11
526078, 15.12
526083, 15.09
526088, 15.05
526093, 15.07
526098, 15.15
526103, 15.16
526108, 15.13
526113, 15.09
526118, 15.06
526123, 15.08
526128, 15.10
526133, 15.11
526138, 15.13
526143, 15.10
526148, 15.06
526153, 15.08
526158, 15.10
526163, 15.12
526168, 15.14
526173, 15.10
526178, 15.07
526183, 15.09
526188, 15.16
526193, 15.18
526198, 15.14
526203, 15.10
526208, 15.12
526213, 15.14
526218, 15.16
526223, 15.17
526228, 15.14
526233, 15.10
526238, 15.12
526243, 15.14
526248, 15.15
526253, 15.17
526258, 15.13
526263, 15.10
526268, 15.12
526273, 15.14
526278, 15.15
526283, 15.17
526288, 15.13
526293, 15.10
526298, 15.12
526303, 15.13
526308, 15.15
526313, 15.17
526318, 15.13
526323, 15.15
526328, 15.17
526333, 15.13
526338, 15.15
526343, 15.16
526348, 15.13
526353, 15.15
526358, 15.16
526363, 15.13
526368, 15.14
526373, 15.16
526378, 15.12
526383, 15.14
526388, 15.16
526393, 15.12
526398, 15.14
526403, 15.16
526408, 15.18
526413, 15.19
526418, 15.15
526423, 15.17
526428, 15.19
526433, 15.15
526438, 15.17
526443, 15.18
526448, 15.15
526453, 15.16
526458, 15.18
526463, 15.14
526468, 15.16
526473, 15.18
526478, 15.14
526483, 15.16
526488, 15.17
526493, 15.14
526498, 15.15
526503, 15.17
526508, 15.13
526513, 15.15
526518, 15.17
526523, 15.13
526528, 15.10
526533, 15.11
526538, 15.13
526543, 15.15
526548, 15.17
526553, 15.13
526558, 15.09
526563, 15.11
526568, 15.13
526573, 15.15
526578, 15.17
526583, 15.13
526588, 15.09
526593, 15.11
526598, 15.13
526603, 15.15
526608, 15.17
526613, 15.13
526618, 15.09
526623, 15.11
526628, 15.13
526633, 15.15
526638, 15.17
526643, 15.13
526648, 15.09
526653, 15.11
526658, 15.13
526663, 15.09
526668, 15.11
526673, 15.13
526678, 15.09
526683, 15.11
526688, 15.13
526693, 15.10
526698, 15.06
526703, 15.08
526708, 15.10
526713, 15.07
526718, 15.09
526723, 15.10
526728, 15.07
526733, 15.09
526738, 15.11
526743, 15.07
526748, 15.04
526753, 15.06
526758, 15.08
526763, 15.10
526768, 15.12
526773, 15.08
526778, 15.05
526783, 15.07
526788, 15.09
526793, 15.11
526798, 15.13
526803, 15.09
526808, 15.05
526813, 15.07
526818, 15.09
526823, 15.11
526828, 15.13
526833, 15.10
526838, 15.06
526843, 15.08
526848, 15.10
526853, 15.12
526858, 15.14
526863, 15.10
526868, 15.07
526873, 15.09
526878, 15.10
526883, 15.12
526888, 15.14
526893, 15.10
526898, 15.07
526903, 15.09
526908, 15.11
526913, 15.13
526918, 15.14
526923, 15.11
526928, 15.07
526933, 15.09
526938, 15.17
526943, 15.18
526948, 15.14
526953, 15.11
526958, 15.13
526963, 15.14
526968, 15.11
526973, 15.13
526978, 15.14
526983, 15.11
526988, 15.13
526993, 15.14
526998, 15.16
527003, 15.18
527008, 15.14
527013, 15.10
527018, 15.12
527023, 15.14
527028, 15.16
527033, 15.18
527038, 15.14
527043, 15.10
527048, 15.12
527053, 15.14
527058, 15.16
527063, 15.17
527068, 15.14
527073, 15.15
527078, 15.17
527083, 15.13
527088, 15.15
527093, 15.17
527098, 15.13
527103, 15.15
527108, 15.17
527113, 15.13
527118, 15.15
527123, 15.16
527128, 15.13
527133, 15.15
527138, 15.16
527143, 15.13
527148, 15.14
527153, 15.16
527158, 15.12
527163, 15.14
527168, 15.16
527173, 15.12
527178, 15.14
527183, 15.16
527188, 15.12
527193, 15.09
527198, 15.10
527203, 15.12
527208, 15.14
527213, 15.16
527218, 15.12
527223, 15.09
527228, 15.11
527233, 15.12
527238, 15.14
527243, 15.16
527248, 15.12
527253, 15.09
527258, 15.11
527263, 15.12
527268, 15.14
527273, 15.16
527278, 15.12
527283, 15.09
527288, 15.11
527293, 15.12
527298, 15.09
527303, 15.11
527308, 15.13
527313, 15.09
527318, 15.11
527323, 15.13
527328, 15.09
527333, 15.11
527338, 15.13
527343, 15.09
527348, 15.11
527353, 15.13
527358, 15.09
527363, 15.06
527368, 15.08
527373, 15.10
527378, 15.06
527383, 15.08
527388, 15.10
527393, 15.07
527398, 15.09
527403, 15.11
527408, 15.07
527413, 15.04
527418, 15.06
527423, 15.08
527428, 15.10
527433, 15.12
527438, 15.08
527443, 15.05
527448, 15.07
527453, 15.09
527458, 15.11
527463, 15.12
527468, 15.09
527473, 15.05
527478, 15.07
527483, 15.15
527488, 15.16
527493, 15.13
527498, 15.09
527503, 15.06
527508, 15.08
527513, 15.15
527518, 15.17
527523, 15.13
527528, 15.09
527533, 15.11
527538, 15.13
527543, 15.15
527548, 15.17
527553, 15.13
527558, 15.09
527563, 15.11
527568, 15.13
527573, 15.15
527578, 15.17
527583, 15.13
527588, 15.09
527593, 15.11
527598, 15.13
527603, 15.15
527608, 15.17
527613, 15.13
527618, 15.09
527623, 15.11
527628, 15.13
527633, 15.15
527638, 15.16
527643, 15.13
527648, 15.15
527653, 15.16
527658, 15.13
527663, 15.14
527668, 15.16
527673, 15.12
527678, 15.14
527683, 15.16
527688, 15.18
527693, 15.19
527698, 15.16
527703, 15.12
527708, 15.14
527713, 15.15
527718, 15.17
527723, 15.19
527728, 15.15
527733, 15.11
527738, 15.13
527743, 15.15
527748, 15.17
527753, 15.18
527758, 15.15
527763, 15.11
527768, 15.13
527773, 15.15
527778, 15.16
527783, 15.18
527788, 15.14
527793, 15.16
527798, 15.18
527803, 15.14
527808, 15.16
527813, 15.17
527818, 15.14
527823, 15.10
527828, 15.12
527833, 15.14
527838, 15.10
527843, 15.12
527848, 15.14
527853, 15.10
527858, 15.12
527863, 15.14
527868, 15.16
527873, 15.17
527878, 15.14
527883, 15.10
527888, 15.06
527893, 15.08
527898, 15.10
527903, 15.12
527908, 15.14
527913, 15.10
527918, 15.07
527923, 15.09
527928, 15.11
527933, 15.13
527938, 15.14
527943, 15.11
527948, 15.07
527953, 15.09
527958, 15.11
527963, 15.08
527968, 15.09
527973, 15.11
527978, 15.08
527983, 15.04
527988, 15.06
527993, 15.08
527998, 15.10
528003, 15.12
528008, 15.09
528013, 15.05
528018, 15.07
528023, 15.09
528028, 15.06
528033, 15.08
528038, 15.10
528043, 15.06
528048, 15.08
528053, 15.10
528058, 15.07
528063, 15.09
528068, 15.10
528073, 15.07
528078, 15.03
528083, 15.06
528088, 15.08
528093, 15.10
528098, 15.11
528103, 15.08
528108, 15.10
528113, 15.12
528118, 15.08
528123, 15.10
528128, 15.12
528133, 15.08
528138, 15.10
528143, 15.12
528148, 15.14
528153, 15.16
528158, 15.12
528163, 15.08
528168, 15.10
528173, 15.12
528178, 15.14
528183, 15.16
528188, 15.12
528193, 15.09
528198, 15.10
528203, 15.12
528208, 15.14
528213, 15.16
528218, 15.12
528223, 15.09
528228, 15.11
528233, 15.12
528238, 15.14
528243, 15.16
528248, 15.12
528253, 15.09
528258, 15.11
528263, 15.12
528268, 15.14
528273, 15.16
528278, 15.12
528283, 15.14
528288, 15.16
528293, 15.18
528298, 15.19
528303, 15.15
528308, 15.12
528313, 15.14
528318, 15.15
528323, 15.17
528328, 15.19
528333, 15.15
528338, 15.11
528343, 15.13
528348, 15.15
528353, 15.17
528358, 15.18
528363, 15.15
528368, 15.16
528373, 15.18
528378, 15.14
528383, 15.16
528388, 15.18
528393, 15.14
528398, 15.16
528403, 15.17
528408, 15.14
528413, 15.15
528418, 15.17
528423, 15.13
528428, 15.15
528433, 15.17
528438, 15.13
528443, 15.15
528448, 15.17
528453, 15.13
528458, 15.09
528463, 15.11
528468, 15.13
528473, 15.09
528478, 15.11
528483, 15.13
528488, 15.10
528493, 15.11
528498, 15.13
528503, 15.10
528508, 15.12
528513, 15.13
528518, 15.10
528523, 15.06
528528, 15.08
528533, 15.10
528538, 15.12
528543, 15.14
528548, 15.10
528553, 15.07
528558, 15.09
528563, 15.11
528568, 15.12
528573, 15.14
528578, 15.11
528583, 15.07
528588, 15.09
528593, 15.11
528598, 15.13
528603, 15.15
528608, 15.11
528613, 15.07
528618, 15.09
528623, 15.11
528628, 15.13
528633, 15.15
528638, 15.11
528643, 15.08
528648, 15.04
528653, 15.06
528658, 15.08
528663, 15.10
528668, 15.12
528673, 15.09
528678, 15.05
528683, 15.07
528688, 15.09
528693, 15.06
528698, 15.08
528703, 15.10
528708, 15.06
528713, 15.08
528718, 15.10
528723, 15.06
528728, 15.08
528733, 15.10
528738, 15.07
528743, 15.03
528748, 15.06
528753, 15.08
528758, 15.09
528763, 15.11
528768, 15.08
528773, 15.04
528778, 15.06
528783, 15.08
528788, 15.10
528793, 15.12
528798, 15.09
528803, 15.05
528808, 15.07
528813, 15.15
528818, 15.16
528823, 15.13
528828, 15.09
528833, 15.05
528838, 15.08
528843, 15.15
528848, 15.17
528853, 15.13
528858, 15.09
528863, 15.06
528868, 15.08
528873, 15.15
528878, 15.17
528883, 15.13
528888, 15.10
528893, 15.11
528898, 15.13
528903, 15.15
528908, 15.17
528913, 15.13
528918, 15.09
528923, 15.11
528928, 15.19
528933, 15.20
528938, 15.16
528943, 15.13
528948, 15.14
528953, 15.16
528958, 15.18
528963, 15.19
528968, 15.16
528973, 15.12
528978, 15.14
528983, 15.16
528988, 15.17
528993, 15.19
528998, 15.15
529003, 15.11
529008, 15.13
529013, 15.15
529018, 15.17
529023, 15.18
529028, 15.15
529033, 15.11
529038, 15.13
529043, 15.15
529048, 15.16
529053, 15.18
529058, 15.14
529063, 15.11
529068, 15.13
529073, 15.14
529078, 15.16
529083, 15.18
529088, 15.14
529093, 15.10
529098, 15.12
529103, 15.14
529108, 15.16
529113, 15.18
529118, 15.14
529123, 15.16
529128, 15.17
529133, 15.13
529138, 15.15
529143, 15.17
529148, 15.13
529153, 15.10
529158, 15.12
529163, 15.13
529168, 15.10
529173, 15.12
529178, 15.13
529183, 15.10
529188, 15.06
529193, 15.08
529198, 15.10
529203, 15.12
529208, 15.14
529213, 15.10
529218, 15.07
529223, 15.09
529228, 15.11
529233, 15.13
529238, 15.14
529243, 15.11
529248, 15.07
529253, 15.09
529258, 15.11
529263, 15.13
529268, 15.15
529273, 15.11
529278, 15.07
529283, 15.09
529288, 15.11
529293, 15.13
529298, 15.15
529303, 15.11
529308, 15.08
529313, 15.10
529318, 15.12
529323, 15.08
529328, 15.10
529333, 15.12
529338, 15.08
529343, 15.05
529348, 15.07
529353, 15.09
529358, 15.05
529363, 15.07
529368, 15.09
529373, 15.06
529378, 15.08
529383, 15.10
529388, 15.12
529393, 15.13
529398, 15.10
529403, 15.06
529408, 15.08
529413, 15.10
529418, 15.12
529423, 15.14
529428, 15.10
529433, 15.07
529438, 15.09
529443, 15.11
529448, 15.13
529453, 15.14
529458, 15.11
529463, 15.07
529468, 15.09
529473, 15.11
529478, 15.13
529483, 15.15
529488, 15.11
529493, 15.07
529498, 15.09
529503, 15.11
529508, 15.13
529513, 15.15
529518, 15.11
529523, 15.08
529528, 15.10
529533, 15.17
529538, 15.19
529543, 15.15
529548, 15.11
529553, 15.13
529558, 15.15
529563, 15.17
529568, 15.18
529573, 15.14
529578, 15.11
529583, 15.13
529588, 15.14
529593, 15.16
529598, 15.18
529603, 15.14
529608, 15.10
529613, 15.12
529618, 15.20
529623, 15.21
529628, 15.17
529633, 15.14
529638, 15.15
529643, 15.17
529648, 15.19
529653, 15.20
529658, 15.16
529663, 15.13
529668, 15.15
529673, 15.16
529678, 15.18
529683, 15.20
529688, 15.16
529693, 15.12
529698, 15.14
529703, 15.16
529708, 15.17
529713, 15.19
529718, 15.15
529723, 15.12
529728, 15.13
529733, 15.15
529738, 15.17
529743, 15.19
529748, 15.15
529753, 15.11
529758, 15.13
529763, 15.15
529768, 15.11
529773, 15.13
529778, 15.15
529783, 15.11
529788, 15.13
529793, 15.15
529798, 15.11
529803, 15.13
529808, 15.15
529813, 15.11
529818, 15.13
529823, 15.15
529828, 15.11
529833, 15.13
529838, 15.15
529843, 15.11
529848, 15.07
529853, 15.09
529858, 15.11
529863, 15.13
529868, 15.15
529873, 15.11
529878, 15.08
529883, 15.10
529888, 15.12
529893, 15.13
529898, 15.15
529903, 15.11
529908, 15.08
529913, 15.04
529918, 15.06
529923, 15.14
529928, 15.16
529933, 15.12
529938, 15.08
529943, 15.05
529948, 15.07
529953, 15.09
529958, 15.11
529963, 15.13
529968, 15.09
529973, 15.06
529978, 15.08
529983, 15.10
529988, 15.11
529993, 15.13
529998, 15.10
530003, 15.06
530008, 15.08
530013, 15.10
530018, 15.07
530023, 15.09
530028, 15.10
530033, 15.07
530038, 15.09
530043, 15.11
530048, 15.13
530053, 15.14
530058, 15.11
530063, 15.07
530068, 15.09
530073, 15.11
530078, 15.13
530083, 15.15
530088, 15.11
530093, 15.13
530098, 15.15
530103, 15.11
530108, 15.13
530113, 15.15
530118, 15.11
530123, 15.13
530128, 15.15
530133, 15.11
530138, 15.13
530143, 15.15
530148, 15.11
530153, 15.13
530158, 15.15
530163, 15.11
530168, 15.13
530173, 15.15
530178, 15.11
530183, 15.13
530188, 15.15
530193, 15.16
530198, 15.18
530203, 15.14
530208, 15.11
530213, 15.12
530218, 15.14
530223, 15.16
530228, 15.18
530233, 15.14
530238, 15.16
530243, 15.17
530248, 15.14
530253, 15.15
530258, 15.17
530263, 15.13
530268, 15.15
530273, 15.17
530278, 15.19
530283, 15.20
530288, 15.16
530293, 15.13
530298, 15.14
530303, 15.16
530308, 15.18
530313, 15.20
530318, 15.16
530323, 15.12
530328, 15.14
530333, 15.16
530338, 15.17
530343, 15.19
530348, 15.15
530353, 15.11
530358, 15.13
530363, 15.15
530368, 15.17
530373, 15.18
530378, 15.15
530383, 15.11
530388, 15.13
530393, 15.15
530398, 15.16
530403, 15.18
530408, 15.14
530413, 15.11
530418, 15.13
530423, 15.14
530428, 15.16
530433, 15.18
530438, 15.14
530443, 15.10
530448, 15.12
530453, 15.14
530458, 15.16
530463, 15.18
530468, 15.14
530473, 15.10
530478, 15.12
530483, 15.14
530488, 15.10
530493, 15.12
530498, 15.14
530503, 15.10
530508, 15.12
530513, 15.14
530518, 15.10
530523, 15.12
530528, 15.14
530533, 15.10
530538, 15.07
530543, 15.09
530548, 15.11
530553, 15.07
530558, 15.09
530563, 15.11
530568, 15.07
530573, 15.04
530578, 15.06
530583, 15.08
530588, 15.10
530593, 15.12
530598, 15.08
530603, 15.05
530608, 15.07
530613, 15.09
530618, 15.11
530623, 15.13
530628, 15.09
530633, 15.06
530638, 15.08
530643, 15.10
530648, 15.11
530653, 15.13
530658, 15.10
530663, 15.06
530668, 15.08
530673, 15.10
530678, 15.12
530683, 15.14
530688, 15.10
530693, 15.07
530698, 15.09
530703, 15.11
530708, 15.12
530713, 15.14
530718, 15.11
530723, 15.07
530728, 15.09
530733, 15.11
530738, 15.13
530743, 15.15
530748, 15.11
530753, 15.07
530758, 15.09
530763, 15.11
530768, 15.13
530773, 15.15
530778, 15.11
530783, 15.13
530788, 15.15
530793, 15.17
530798, 15.18
530803, 15.14
530808, 15.11
530813, 15.13
530818, 15.14
530823, 15.16
530828, 15.18
530833, 15.14
530838, 15.10
530843, 15.12
530848, 15.14
530853, 15.10
530858, 15.12
530863, 15.14
530868, 15.16
530873, 15.18
530878, 15.14
530883, 15.16
530888, 15.17
530893, 15.14
530898, 15.15
530903, 15.17
530908, 15.13
530913, 15.15
530918, 15.17
530923, 15.13
530928, 15.15
530933, 15.17
530938, 15.13
530943, 15.15
530948, 15.16
530953, 15.13
530958, 15.15
530963, 15.16
530968, 15.13
530973, 15.14
530978, 15.16
530983, 15.12
530988, 15.09
530993, 15.11
530998, 15.13
531003, 15.14
531008, 15.16
531013, 15.12
531018, 15.09
531023, 15.11
531028, 15.13
531033, 15.14
531038, 15.16
531043, 15.12
531048, 15.09
531053, 15.11
531058, 15.13
531063, 15.14
531068, 15.16
531073, 15.12
531078, 15.09
531083, 15.11
531088, 15.13
531093, 15.14
531098, 15.16
531103, 15.12
531108, 15.09
531113, 15.11
531118, 15.13
531123, 15.09
531128, 15.11
531133, 15.13
531138, 15.09
531143, 15.06
531148, 15.08
531153, 15.10
531158, 15.06
531163, 15.08
531168, 15.10
531173, 15.07
531178, 15.09
531183, 15.10
531188, 15.07
531193, 15.09
531198, 15.11
531203, 15.07
531208, 15.04
531213, 15.06
531218, 15.08
531223, 15.10
531228, 15.12
531233, 15.08
531238, 15.05
531243, 15.01
531248, 15.04
531253, 15.11
531258, 15.13
531263, 15.09
531268, 15.06
531273, 15.02
531278, 15.04
531283, 15.12
531288, 15.14
531293, 15.10
531298, 15.07
531303, 15.09
531308, 15.11
531313, 15.12
531318, 15.14
531323, 15.11
531328, 15.07
531333, 15.09
531338, 15.11
531343, 15.13
531348, 15.15
531353, 15.11
531358, 15.07
531363, 15.09
531368, 15.11
531373, 15.13
531378, 15.15
531383, 15.11
531388, 15.08
531393, 15.10
531398, 15.11
531403, 15.13
531408, 15.15
531413, 15.11
531418, 15.08
531423, 15.10
531428, 15.12
531433, 15.13
531438, 15.15
531443, 15.12
531448, 15.13
531453, 15.15
531458, 15.12
531463, 15.13
531468, 15.15
531473, 15.11
531478, 15.13
531483, 15.15
531488, 15.11
531493, 15.13
531498, 15.15
531503, 15.11
531508, 15.13
531513, 15.15
531518, 15.17
531523, 15.18
531528, 15.15
531533, 15.16
531538, 15.18
531543, 15.14
531548, 15.16
531553, 15.18
531558, 15.14
531563, 15.16
531568, 15.17
531573, 15.14
531578, 15.15
531583, 15.17
531588, 15.13
531593, 15.15
531598, 15.17
531603, 15.19
531608, 15.20
531613, 15.16
531618, 15.13
531623, 15.14
531628, 15.16
531633, 15.18
531638, 15.19
531643, 15.16
531648, 15.12
531653, 15.08
531658, 15.10
531663, 15.18
531668, 15.19
531673, 15.15
531678, 15.12
531683, 15.08
531688, 15.10
531693, 15.12
531698, 15.14
531703, 15.16
531708, 15.12
531713, 15.08
531718, 15.10
531723, 15.12
531728, 15.14
531733, 15.16
531738, 15.12
531743, 15.08
531748, 15.10
531753, 15.12
531758, 15.14
531763, 15.16
531768, 15.12
531773, 15.09
531778, 15.10
531783, 15.12
531788, 15.09
531793, 15.11
531798, 15.12
531803, 15.09
531808, 15.11
531813, 15.13
531818, 15.09
531823, 15.11
531828, 15.13
531833, 15.09
531838, 15.11
531843, 15.13
531848, 15.09
531853, 15.11
531858, 15.13
531863, 15.09
531868, 15.06
531873, 15.08
531878, 15.10
531883, 15.06
531888, 15.08
531893, 15.10
531898, 15.07
531903, 15.03
