59113, 0.00
59118, 0.00
59123, 0.00
59128, 0.05
59133, 0.11
59138, 0.16
59143, 0.21
59148, 0.25
59153, 0.35
59158, 0.40
59163, 0.38
59168, 0.43
59173, 0.52
59178, 0.56
59183, 0.60
59188, 0.63
59193, 0.67
59198, 0.70
59203, 0.73
59208, 0.82
59213, 0.85
59218, 0.82
59223, 0.85
59228, 0.93
59233, 0.96
59238, 0.93
59243, 0.95
59248, 1.03
59253, 1.05
59258, 1.07
59263, 1.09
59268, 1.11
59273, 1.13
59278, 1.15
59283, 1.17
59288, 1.19
59293, 1.21
59298, 1.22
59303, 1.29
59308, 1.31
59313, 1.32
59318, 1.33
59323, 1.35
59328, 1.36
59333, 1.37
59338, 1.44
59343, 1.45
59348, 1.40
59353, 1.41
59358, 1.48
59363, 1.48
59368, 1.49
59373, 1.50
59378, 1.51
59383, 1.52
59388, 1.52
59393, 1.53
59398, 1.54
59403, 1.54
59408, 1.55
59413, 1.61
59418, 1.61
59423, 1.62
59428, 1.62
59433, 1.62
59438, 1.63
59443, 1.63
59448, 1.69
59453, 1.69
59458, 1.64
59463, 1.64
59468, 1.70
59473, 1.70
59478, 1.70
59483, 1.76
59488, 1.76
59493, 1.76
59498, 1.76
59503, 1.76
59508, 1.76
59513, 1.76
59518, 1.81
59523, 1.81
59528, 1.81
59533, 1.80
59538, 1.80
59543, 1.80
59548, 1.80
59553, 1.85
59558, 1.85
59563, 1.84
59568, 1.90
59573, 1.89
59578, 1.83
59583, 1.83
59588, 1.88
59593, 1.88
59598, 1.87
59603, 1.87
59608, 1.86
59613, 1.86
59618, 1.86
59623, 1.91
59628, 1.90
59633, 1.90
59638, 1.89
59643, 1.89
59648, 1.88
59653, 1.88
59658, 1.93
59663, 1.92
59668, 1.86
59673, 1.86
59678, 1.91
59683, 1.91
59688, 1.90
59693, 1.95
59698, 1.94
59703, 1.94
59708, 1.93
59713, 1.93
59718, 1.92
59723, 1.92
59728, 1.96
59733, 1.96
59738, 1.95
59743, 2.00
59748, 1.99
59753, 1.98
59758, 1.98
59763, 1.97
59768, 1.96
59773, 1.95
59778, 2.00
59783, 1.99
59788, 1.99
59793, 2.03
59798, 2.02
59803, 1.96
59808, 1.95
59813, 2.00
59818, 1.99
59823, 1.99
59828, 2.03
59833, 2.02
59838, 1.96
59843, 1.96
59848, 2.00
59853, 1.99
59858, 1.99
59863, 2.03
59868, 2.02
59873, 2.02
59878, 2.01
59883, 2.00
59888, 1.99
59893, 1.98
59898, 2.03
59903, 2.02
59908, 2.01
59913, 2.00
59918, 2.00
59923, 1.99
59928, 1.98
59933, 2.03
59938, 2.02
59943, 2.01
59948, 2.06
59953, 2.05
59958, 2.04
59963, 2.03
59968, 2.02
59973, 2.01
59978, 2.00
59983, 2.05
59988, 2.04
59993, 2.03
59998, 2.02
60003, 2.01
60008, 2.01
60013, 2.00
60018, 2.04
60023, 2.03
60028, 2.03
60033, 2.02
60038, 2.01
60043, 2.00
60048, 1.99
60053, 2.04
60058, 2.03
60063, 2.02
60068, 2.01
60073, 2.00
60078, 2.00
60083, 1.99
60088, 2.03
60093, 2.03
60098, 1.96
60103, 1.96
60108, 2.00
60113, 2.00
60118, 1.99
60123, 2.03
60128, 2.03
60133, 2.02
60138, 2.01
60143, 2.00
60148, 1.99
60153, 1.98
60158, 2.03
60163, 2.02
60168, 2.01
60173, 2.06
60178, 2.05
60183, 1.99
60188, 1.98
60193, 2.03
60198, 2.02
60203, 2.01
60208, 2.05
60213, 2.04
60218, 1.98
60223, 1.97
60228, 2.02
60233, 2.01
60238, 2.00
60243, 2.05
60248, 2.04
60253, 1.98
60258, 1.97
60263, 2.02
60268, 2.01
60273, 2.00
60278, 1.99
60283, 1.99
60288, 1.98
60293, 1.97
60298, 2.02
60303, 2.01
60308, 2.00
60313, 2.05
60318, 2.04
60323, 1.97
60328, 1.97
60333, 2.01
60338, 2.01
60343, 2.00
60348, 2.04
60353, 2.04
60358, 1.97
60363, 1.97
60368, 2.01
60373, 2.00
60378, 2.00
60383, 2.04
60388, 2.03
60393, 1.97
60398, 1.96
60403, 2.01
60408, 2.00
60413, 1.99
60418, 1.99
60423, 1.98
60428, 1.97
60433, 1.97
60438, 2.01
60443, 2.00
60448, 2.00
60453, 1.99
60458, 1.98
60463, 1.97
60468, 1.97
60473, 2.01
60478, 2.01
60483, 2.00
60488, 1.99
60493, 1.98
60498, 1.97
60503, 1.97
60508, 2.01
60513, 2.01
60518, 1.94
60523, 1.94
60528, 1.99
60533, 1.98
60538, 1.97
60543, 2.02
60548, 2.01
60553, 2.00
60558, 1.99
60563, 1.99
60568, 1.98
60573, 1.97
60578, 2.02
60583, 2.01
60588, 2.00
60593, 2.05
60598, 2.04
60603, 1.98
60608, 1.97
60613, 2.02
60618, 2.01
60623, 2.00
60628, 2.05
60633, 2.04
60638, 1.97
60643, 1.97
60648, 2.01
60653, 2.00
60658, 2.00
60663, 2.04
60668, 2.03
60673, 1.97
60678, 1.96
60683, 2.01
60688, 2.00
60693, 1.99
60698, 1.99
60703, 1.98
60708, 1.97
60713, 1.97
60718, 2.01
60723, 2.00
60728, 2.00
60733, 2.04
60738, 2.03
60743, 1.97
60748, 1.96
60753, 2.01
60758, 2.00
60763, 1.99
60768, 2.04
60773, 2.03
60778, 2.02
60783, 2.01
60788, 2.01
60793, 2.00
60798, 1.99
60803, 2.04
60808, 2.03
60813, 2.02
60818, 2.01
60823, 2.00
60828, 1.99
60833, 1.99
60838, 2.03
60843, 2.02
60848, 2.02
60853, 2.01
60858, 2.00
60863, 1.99
60868, 1.98
60873, 2.03
60878, 2.02
60883, 2.01
60888, 2.00
60893, 2.00
60898, 1.99
60903, 1.98
60908, 2.03
60913, 2.02
60918, 2.01
60923, 2.00
60928, 1.99
60933, 1.99
60938, 1.98
60943, 2.03
60948, 2.02
60953, 2.01
60958, 2.00
60963, 1.99
60968, 1.99
60973, 1.98
60978, 2.02
60983, 2.02
60988, 2.01
60993, 2.00
60998, 1.99
61003, 1.98
61008, 1.98
61013, 2.02
61018, 2.01
61023, 2.01
61028, 2.05
61033, 2.04
61038, 1.98
61043, 1.97
61048, 2.02
61053, 2.01
61058, 2.00
61063, 2.05
61068, 2.04
61073, 1.98
61078, 1.97
61083, 2.02
61088, 2.01
61093, 2.00
61098, 1.99
61103, 1.98
61108, 1.98
61113, 1.97
61118, 2.02
61123, 2.01
61128, 2.00
61133, 1.99
61138, 1.98
61143, 1.98
61148, 1.97
61153, 2.02
61158, 2.01
61163, 1.95
61168, 1.94
61173, 1.99
61178, 1.98
61183, 1.97
61188, 1.97
61193, 1.96
61198, 1.95
61203, 1.95
61208, 1.99
61213, 1.99
61218, 1.98
61223, 2.03
61228, 2.02
61233, 1.95
61238, 1.95
61243, 2.00
61248, 1.99
61253, 1.98
61258, 2.03
61263, 2.02
61268, 2.01
61273, 2.00
61278, 1.99
61283, 1.99
61288, 1.98
61293, 2.03
61298, 2.02
61303, 1.95
61308, 1.95
61313, 2.00
61318, 1.99
61323, 1.98
61328, 2.03
61333, 2.02
61338, 1.96
61343, 1.95
61348, 2.00
61353, 1.99
61358, 1.98
61363, 2.03
61368, 2.02
61373, 1.96
61378, 1.95
61383, 2.00
61388, 1.99
61393, 1.98
61398, 2.03
61403, 2.02
61408, 2.01
61413, 2.00
61418, 2.00
61423, 1.99
61428, 1.98
61433, 2.03
61438, 2.02
61443, 2.01
61448, 2.06
61453, 2.05
61458, 1.98
61463, 1.98
61468, 2.02
61473, 2.01
61478, 2.01
61483, 2.00
61488, 1.99
61493, 1.98
61498, 1.98
61503, 2.02
61508, 2.01
61513, 2.01
61518, 2.00
61523, 1.99
61528, 1.98
61533, 1.97
61538, 2.02
61543, 2.01
61548, 2.00
61553, 2.00
61558, 1.99
61563, 1.98
61568, 1.97
61573, 2.02
61578, 2.01
61583, 2.00
61588, 2.05
61593, 2.04
61598, 2.03
61603, 2.02
61608, 2.01
61613, 2.01
61618, 2.00
61623, 2.04
61628, 2.03
61633, 2.03
61638, 2.07
61643, 2.06
61648, 2.00
61653, 1.99
61658, 2.04
61663, 2.03
61668, 2.02
61673, 2.06
61678, 2.05
61683, 1.99
61688, 1.98
61693, 2.03
61698, 2.02
61703, 2.01
61708, 2.00
61713, 2.00
61718, 1.99
61723, 1.98
61728, 2.03
61733, 2.02
61738, 2.01
61743, 2.00
61748, 1.99
61753, 1.99
61758, 1.98
61763, 2.03
61768, 2.02
61773, 1.95
61778, 1.95
61783, 2.00
61788, 1.99
61793, 1.98
61798, 2.03
61803, 2.02
61808, 2.01
61813, 2.00
61818, 1.99
61823, 1.99
61828, 1.98
61833, 2.03
61838, 2.02
61843, 2.01
61848, 2.05
61853, 2.04
61858, 1.98
61863, 1.97
61868, 2.02
61873, 2.01
61878, 2.00
61883, 2.00
61888, 1.99
61893, 1.98
61898, 1.97
61903, 2.02
61908, 2.01
61913, 2.00
61918, 2.00
61923, 1.99
61928, 1.98
61933, 1.97
61938, 1.97
61943, 1.96
61948, 1.95
61953, 1.95
61958, 1.99
61963, 1.99
61968, 1.98
61973, 1.97
61978, 1.96
61983, 1.96
61988, 1.95
61993, 2.00
61998, 1.99
62003, 1.93
62008, 1.92
62013, 1.97
62018, 1.97
62023, 1.96
62028, 2.01
62033, 2.00
62038, 1.99
62043, 1.98
62048, 1.98
62053, 1.97
62058, 1.96
62063, 2.01
62068, 2.00
62073, 1.99
62078, 2.04
62083, 2.03
62088, 1.97
62093, 1.96
62098, 2.01
62103, 2.00
62108, 1.99
62113, 2.04
62118, 2.03
62123, 1.97
62128, 1.96
62133, 2.01
62138, 2.00
62143, 1.99
62148, 1.98
62153, 1.98
62158, 1.97
62163, 1.96
62168, 2.01
62173, 2.00
62178, 1.99
62183, 1.99
62188, 1.98
62193, 1.97
62198, 1.96
62203, 2.01
62208, 2.00
62213, 1.99
62218, 2.04
62223, 2.03
62228, 2.02
62233, 2.01
62238, 2.01
62243, 2.00
62248, 1.99
62253, 2.04
62258, 2.03
62263, 2.02
62268, 2.06
62273, 2.05
62278, 1.99
62283, 1.98
62288, 2.03
62293, 2.02
62298, 2.01
62303, 2.06
62308, 2.05
62313, 1.99
62318, 1.98
62323, 2.02
62328, 2.02
62333, 2.01
62338, 2.05
62343, 2.04
62348, 1.98
62353, 1.97
62358, 2.02
62363, 2.01
62368, 2.00
62373, 2.05
62378, 2.04
62383, 1.98
62388, 1.97
62393, 2.02
62398, 2.01
62403, 2.00
62408, 2.05
62413, 2.04
62418, 2.03
62423, 2.02
62428, 2.01
62433, 2.00
62438, 1.99
62443, 2.04
62448, 2.03
62453, 2.02
62458, 2.07
62463, 2.06
62468, 1.99
62473, 1.99
62478, 2.03
62483, 2.02
62488, 2.02
62493, 2.06
62498, 2.05
62503, 2.04
62508, 2.03
62513, 2.02
62518, 2.02
62523, 2.01
62528, 2.05
62533, 2.04
62538, 1.98
62543, 1.97
62548, 2.02
62553, 2.01
62558, 2.00
62563, 2.00
62568, 1.99
62573, 1.98
62578, 1.97
62583, 2.02
62588, 2.01
62593, 2.00
62598, 2.00
62603, 1.99
62608, 1.98
62613, 1.97
62618, 2.02
62623, 2.01
62628, 2.00
62633, 1.99
62638, 1.99
62643, 1.98
62648, 1.97
62653, 2.02
62658, 2.01
62663, 2.00
62668, 1.99
62673, 1.99
62678, 1.98
62683, 1.97
62688, 2.02
62693, 2.01
62698, 2.00
62703, 1.99
62708, 1.99
62713, 1.98
62718, 1.97
62723, 2.02
62728, 2.01
62733, 1.95
62738, 1.94
62743, 1.99
62748, 1.98
62753, 1.98
62758, 1.97
62763, 1.96
62768, 1.95
62773, 1.95
62778, 2.00
62783, 1.99
62788, 1.98
62793, 1.97
62798, 1.97
62803, 1.96
62808, 1.95
62813, 2.00
62818, 1.99
62823, 1.93
62828, 1.93
62833, 1.97
62838, 1.97
62843, 1.96
62848, 2.01
62853, 2.00
62858, 1.99
62863, 1.98
62868, 1.98
62873, 1.97
62878, 1.96
62883, 2.01
62888, 2.00
62893, 1.99
62898, 2.04
62903, 2.03
62908, 2.02
62913, 2.01
62918, 2.00
62923, 2.00
62928, 1.99
62933, 2.04
62938, 2.03
62943, 2.02
62948, 2.01
62953, 2.00
62958, 1.99
62963, 1.99
62968, 2.03
62973, 2.02
62978, 1.96
62983, 1.95
62988, 2.00
62993, 1.99
62998, 1.99
63003, 2.03
63008, 2.02
63013, 1.96
63018, 1.95
63023, 2.00
63028, 1.99
63033, 1.99
63038, 2.03
63043, 2.02
63048, 2.02
63053, 2.01
63058, 2.00
63063, 1.99
63068, 1.98
63073, 2.03
63078, 2.02
63083, 2.01
63088, 2.00
63093, 2.00
63098, 1.99
63103, 1.98
63108, 2.03
63113, 2.02
63118, 2.01
63123, 2.06
63128, 2.05
63133, 1.98
63138, 1.98
63143, 2.02
63148, 2.01
63153, 2.01
63158, 2.05
63163, 2.04
63168, 1.98
63173, 1.97
63178, 2.02
63183, 2.01
63188, 2.00
63193, 1.99
63198, 1.99
63203, 1.98
63208, 1.97
63213, 2.02
63218, 2.01
63223, 2.00
63228, 1.99
63233, 1.99
63238, 1.98
63243, 1.97
63248, 2.02
63253, 2.01
63258, 2.00
63263, 1.99
63268, 1.99
63273, 1.98
63278, 1.97
63283, 2.02
63288, 2.01
63293, 2.00
63298, 2.05
63303, 2.04
63308, 2.03
63313, 2.02
63318, 2.01
63323, 2.00
63328, 2.00
63333, 2.04
63338, 2.03
63343, 2.02
63348, 2.02
63353, 2.01
63358, 2.00
63363, 1.99
63368, 2.04
63373, 2.03
63378, 1.97
63383, 1.96
63388, 2.01
63393, 2.00
63398, 1.99
63403, 2.04
63408, 2.03
63413, 1.97
63418, 1.96
63423, 2.01
63428, 2.00
63433, 1.99
63438, 1.98
63443, 1.98
63448, 1.97
63453, 1.96
63458, 2.01
63463, 2.00
63468, 1.99
63473, 2.04
63478, 2.03
63483, 1.97
63488, 1.96
63493, 2.01
63498, 2.00
63503, 1.99
63508, 1.98
63513, 1.98
63518, 1.97
63523, 1.96
63528, 2.01
63533, 2.00
63538, 1.99
63543, 1.99
63548, 1.98
63553, 1.97
63558, 1.96
63563, 2.01
63568, 2.00
63573, 2.00
63578, 1.99
63583, 1.98
63588, 1.97
63593, 1.97
63598, 2.01
63603, 2.00
63608, 2.00
63613, 1.99
63618, 1.98
63623, 1.97
63628, 1.97
63633, 2.01
63638, 2.01
63643, 2.00
63648, 1.99
63653, 1.98
63658, 1.97
63663, 1.97
63668, 2.01
63673, 2.01
63678, 2.00
63683, 1.99
63688, 1.98
63693, 1.98
63698, 1.97
63703, 2.02
63708, 2.01
63713, 2.00
63718, 2.05
63723, 2.04
63728, 2.03
63733, 2.02
63738, 2.01
63743, 2.00
63748, 1.99
63753, 2.04
63758, 2.03
63763, 2.02
63768, 2.01
63773, 2.01
63778, 2.00
63783, 1.99
63788, 2.04
63793, 2.03
63798, 2.02
63803, 2.01
63808, 2.00
63813, 1.99
63818, 1.99
63823, 2.03
63828, 2.02
63833, 1.96
63838, 1.95
63843, 2.00
63848, 1.99
63853, 1.99
63858, 2.03
63863, 2.02
63868, 1.96
63873, 1.95
63878, 2.00
63883, 1.99
63888, 1.99
63893, 2.03
63898, 2.02
63903, 2.02
63908, 2.01
63913, 2.00
63918, 1.99
63923, 1.98
63928, 2.03
63933, 2.02
63938, 2.01
63943, 2.06
63948, 2.05
63953, 1.99
63958, 1.98
63963, 2.02
63968, 2.02
63973, 2.01
63978, 2.00
63983, 1.99
63988, 1.98
63993, 1.98
63998, 2.02
64003, 2.02
64008, 2.01
64013, 2.00
64018, 1.99
64023, 1.98
64028, 1.98
64033, 2.02
64038, 2.01
64043, 2.01
64048, 2.00
64053, 1.99
64058, 1.98
64063, 1.98
64068, 2.02
64073, 2.01
64078, 2.01
64083, 2.00
64088, 1.99
64093, 1.98
64098, 1.97
64103, 2.02
64108, 2.01
64113, 2.00
64118, 2.00
64123, 1.99
64128, 1.98
64133, 1.97
64138, 2.02
64143, 2.01
64148, 2.00
64153, 2.05
64158, 2.04
64163, 1.98
64168, 1.97
64173, 2.02
64178, 2.01
64183, 2.00
64188, 2.05
64193, 2.04
64198, 2.03
64203, 2.02
64208, 2.01
64213, 2.00
64218, 2.00
64223, 2.04
64228, 2.03
64233, 1.97
64238, 1.96
64243, 2.01
64248, 2.00
64253, 1.99
64258, 2.04
64263, 2.03
64268, 1.97
64273, 1.96
64278, 2.01
64283, 2.00
64288, 1.99
64293, 1.98
64298, 1.98
64303, 1.97
64308, 1.96
64313, 2.01
64318, 2.00
64323, 1.99
64328, 1.99
64333, 1.98
64338, 1.97
64343, 1.96
64348, 2.01
64353, 2.00
64358, 2.00
64363, 2.04
64368, 2.03
64373, 1.97
64378, 1.96
64383, 2.01
64388, 2.00
64393, 1.99
64398, 2.04
64403, 2.03
64408, 1.97
64413, 1.96
64418, 2.01
64423, 2.00
64428, 1.99
64433, 2.04
64438, 2.03
64443, 1.97
64448, 1.96
64453, 2.01
64458, 2.00
64463, 1.99
64468, 1.98
64473, 1.98
64478, 1.97
64483, 1.96
64488, 2.01
64493, 2.00
64498, 1.99
64503, 2.04
64508, 2.03
64513, 1.97
64518, 1.96
64523, 2.01
64528, 2.00
64533, 1.99
64538, 2.04
64543, 2.03
64548, 1.97
64553, 1.96
64558, 2.01
64563, 2.00
64568, 1.99
64573, 2.04
64578, 2.03
64583, 2.02
64588, 2.01
64593, 2.00
64598, 2.00
64603, 1.99
64608, 2.03
64613, 2.03
64618, 2.02
64623, 2.01
64628, 2.00
64633, 1.99
64638, 1.98
64643, 2.03
64648, 2.02
64653, 2.01
64658, 2.01
64663, 2.00
64668, 1.99
64673, 1.98
64678, 2.03
64683, 2.02
64688, 1.96
64693, 1.95
64698, 2.00
64703, 1.99
64708, 1.98
64713, 2.03
64718, 2.02
64723, 1.96
64728, 1.95
64733, 2.00
64738, 1.99
64743, 1.98
64748, 2.03
64753, 2.02
64758, 2.01
64763, 2.00
64768, 2.00
64773, 1.99
64778, 1.98
64783, 2.03
64788, 2.02
64793, 2.01
64798, 2.06
64803, 2.05
64808, 1.98
64813, 1.98
64818, 2.02
64823, 2.01
64828, 2.01
64833, 2.05
64838, 2.04
64843, 1.98
64848, 1.97
64853, 2.02
64858, 2.01
64863, 2.00
64868, 1.99
64873, 1.99
64878, 1.98
64883, 1.97
64888, 2.02
64893, 2.01
64898, 2.00
64903, 1.99
64908, 1.99
64913, 1.98
64918, 1.97
64923, 2.02
64928, 2.01
64933, 2.00
64938, 2.05
64943, 2.04
64948, 1.98
64953, 1.97
64958, 2.02
64963, 2.01
64968, 2.00
64973, 2.05
64978, 2.04
64983, 2.03
64988, 2.07
64993, 2.06
64998, 2.00
65003, 1.99
65008, 2.04
65013, 2.03
65018, 2.02
65023, 2.01
65028, 2.00
65033, 1.99
65038, 1.99
65043, 2.03
65048, 2.02
65053, 2.02
65058, 2.01
65063, 2.00
65068, 1.99
65073, 1.98
65078, 2.03
65083, 2.02
65088, 1.96
65093, 1.95
65098, 2.00
65103, 1.99
65108, 1.93
65113, 1.92
65118, 1.97
65123, 1.97
65128, 1.96
65133, 2.01
65138, 2.00
65143, 1.94
65148, 1.93
65153, 1.98
65158, 1.97
65163, 1.97
65168, 2.01
65173, 2.00
65178, 2.00
65183, 1.99
65188, 1.98
65193, 1.97
65198, 1.97
65203, 2.01
65208, 2.01
65213, 2.00
65218, 1.99
65223, 1.98
65228, 1.97
65233, 1.97
65238, 2.01
65243, 2.01
65248, 2.00
65253, 1.99
65258, 1.98
65263, 1.98
65268, 1.97
65273, 2.02
65278, 2.01
65283, 2.00
65288, 1.99
65293, 1.98
65298, 1.98
65303, 1.97
65308, 2.02
65313, 2.01
65318, 1.95
65323, 1.94
65328, 1.99
65333, 1.98
65338, 1.97
65343, 2.02
65348, 2.01
65353, 2.00
65358, 1.99
65363, 1.99
65368, 1.98
65373, 1.97
65378, 2.02
65383, 2.01
65388, 2.00
65393, 2.05
65398, 2.04
65403, 1.98
65408, 1.97
65413, 2.02
65418, 2.01
65423, 2.00
65428, 2.05
65433, 2.04
65438, 2.03
65443, 2.02
65448, 2.01
65453, 2.00
65458, 1.99
65463, 2.04
65468, 2.03
65473, 2.02
65478, 2.01
65483, 2.01
65488, 2.00
65493, 1.99
65498, 2.04
65503, 2.03
65508, 2.02
65513, 2.01
65518, 2.00
65523, 1.99
65528, 1.99
65533, 2.03
65538, 2.02
65543, 2.02
65548, 2.01
65553, 2.00
65558, 1.99
65563, 1.98
65568, 2.03
65573, 2.02
65578, 2.01
65583, 2.06
65588, 2.05
65593, 1.99
65598, 1.98
65603, 2.02
65608, 2.02
65613, 2.01
65618, 2.05
65623, 2.04
65628, 1.98
65633, 1.97
65638, 2.02
65643, 2.01
65648, 2.00
65653, 2.05
65658, 2.04
65663, 1.98
65668, 1.97
65673, 2.02
65678, 2.01
65683, 2.00
65688, 2.05
65693, 2.04
65698, 1.97
65703, 1.97
65708, 2.01
65713, 2.01
65718, 2.00
65723, 1.99
65728, 1.98
65733, 1.98
65738, 1.97
65743, 2.02
65748, 2.01
65753, 2.00
65758, 1.99
65763, 1.98
65768, 1.98
65773, 1.97
65778, 2.02
65783, 2.01
65788, 2.00
65793, 1.99
65798, 1.98
65803, 1.98
65808, 1.97
65813, 2.02
65818, 2.01
65823, 2.00
65828, 2.05
65833, 2.04
65838, 1.97
65843, 1.97
65848, 2.01
65853, 2.01
65858, 2.00
65863, 1.99
65868, 1.98
65873, 1.97
65878, 1.97
65883, 2.01
65888, 2.01
65893, 1.94
65898, 1.94
65903, 1.99
65908, 1.98
65913, 1.97
65918, 1.96
65923, 1.96
65928, 1.95
65933, 1.94
65938, 1.99
65943, 1.99
65948, 1.98
65953, 1.97
65958, 1.96
65963, 1.96
65968, 1.95
65973, 2.00
65978, 1.99
65983, 1.98
65988, 1.98
65993, 1.97
65998, 1.96
66003, 1.95
66008, 2.00
66013, 1.99
66018, 1.99
66023, 2.03
66028, 2.02
66033, 1.96
66038, 1.95
66043, 2.00
66048, 1.99
66053, 1.99
66058, 2.03
66063, 2.02
66068, 2.02
66073, 2.01
66078, 2.00
66083, 1.99
66088, 1.98
66093, 2.03
66098, 2.02
66103, 2.01
66108, 2.00
66113, 2.00
66118, 1.99
66123, 1.98
66128, 2.03
66133, 2.02
66138, 1.96
66143, 1.95
66148, 2.00
66153, 1.99
66158, 1.98
66163, 2.03
66168, 2.02
66173, 2.01
66178, 2.00
66183, 2.00
66188, 1.99
66193, 1.98
66198, 2.03
66203, 2.02
66208, 2.01
66213, 2.00
66218, 1.99
66223, 1.99
66228, 1.98
66233, 2.03
66238, 2.02
66243, 2.01
66248, 2.05
66253, 2.04
66258, 2.04
66263, 2.03
66268, 2.02
66273, 2.01
66278, 2.00
66283, 2.05
66288, 2.04
66293, 2.03
66298, 2.02
66303, 2.01
66308, 2.00
66313, 2.00
66318, 2.04
66323, 2.03
66328, 2.02
66333, 2.01
66338, 2.01
66343, 2.00
66348, 1.99
66353, 2.04
66358, 2.03
66363, 1.97
66368, 1.96
66373, 2.01
66378, 2.00
66383, 1.99
66388, 2.04
66393, 2.03
66398, 1.96
66403, 1.96
66408, 2.01
66413, 2.00
66418, 1.99
66423, 2.04
66428, 2.03
66433, 2.02
66438, 2.01
66443, 2.00
66448, 1.99
66453, 1.99
66458, 2.03
66463, 2.02
66468, 2.02
66473, 2.01
66478, 2.00
66483, 1.99
66488, 1.98
66493, 2.03
66498, 2.02
66503, 2.01
66508, 2.00
66513, 2.00
66518, 1.99
66523, 1.98
66528, 2.03
66533, 2.02
66538, 1.96
66543, 1.95
66548, 2.00
66553, 1.99
66558, 1.98
66563, 2.03
66568, 2.02
66573, 1.96
66578, 1.95
66583, 2.00
66588, 1.99
66593, 1.98
66598, 2.03
66603, 2.02
66608, 1.96
66613, 1.95
66618, 2.00
66623, 1.99
66628, 1.98
66633, 1.98
66638, 1.97
66643, 1.96
66648, 1.96
66653, 2.00
66658, 2.00
66663, 1.99
66668, 2.03
66673, 2.03
66678, 1.96
66683, 1.96
66688, 2.00
66693, 2.00
66698, 1.99
66703, 1.98
66708, 1.97
66713, 1.97
66718, 1.96
66723, 2.01
66728, 2.00
66733, 1.99
66738, 1.98
66743, 1.98
66748, 1.97
66753, 1.96
66758, 2.01
66763, 2.00
66768, 1.99
66773, 1.99
66778, 1.98
66783, 1.97
66788, 1.96
66793, 2.01
66798, 2.00
66803, 1.99
66808, 2.04
66813, 2.03
66818, 1.97
66823, 1.96
66828, 2.01
66833, 2.00
66838, 1.99
66843, 2.04
66848, 2.03
66853, 2.02
66858, 2.01
66863, 2.00
66868, 2.00
66873, 1.99
66878, 2.04
66883, 2.03
66888, 2.02
66893, 2.06
66898, 2.05
66903, 2.04
66908, 2.03
66913, 2.03
66918, 2.02
66923, 2.01
66928, 2.00
66933, 1.99
66938, 1.98
66943, 1.98
66948, 2.02
66953, 2.02
66958, 2.01
66963, 2.00
66968, 1.99
66973, 1.98
66978, 1.98
66983, 2.02
66988, 2.01
66993, 2.01
66998, 2.00
67003, 1.99
67008, 1.98
67013, 1.98
67018, 2.02
67023, 2.01
67028, 2.01
67033, 2.00
67038, 1.99
67043, 1.98
67048, 1.97
67053, 2.02
67058, 2.01
67063, 2.00
67068, 2.05
67073, 2.04
67078, 1.98
67083, 1.97
67088, 2.02
67093, 2.01
67098, 2.00
67103, 2.05
67108, 2.04
67113, 2.03
67118, 2.02
67123, 2.01
67128, 2.00
67133, 2.00
67138, 2.04
67143, 2.03
67148, 1.97
67153, 1.96
67158, 2.01
67163, 2.00
67168, 1.99
67173, 2.04
67178, 2.03
67183, 1.97
67188, 1.96
67193, 2.01
67198, 2.00
67203, 1.99
67208, 1.99
67213, 1.98
67218, 1.97
67223, 1.96
67228, 2.01
67233, 2.00
67238, 1.99
67243, 2.04
67248, 2.03
67253, 1.97
67258, 1.96
67263, 2.01
67268, 2.00
67273, 1.99
67278, 2.04
67283, 2.03
67288, 2.02
67293, 2.01
67298, 2.00
67303, 2.00
67308, 1.99
67313, 2.04
67318, 2.03
67323, 2.02
67328, 2.01
67333, 2.00
67338, 1.99
67343, 1.99
67348, 2.03
67353, 2.02
67358, 2.01
67363, 2.01
67368, 2.00
67373, 1.99
67378, 1.98
67383, 2.03
67388, 2.02
67393, 1.96
67398, 1.95
67403, 2.00
67408, 1.99
67413, 1.98
67418, 2.03
67423, 2.02
67428, 1.96
67433, 1.95
67438, 2.00
67443, 1.99
67448, 1.98
67453, 1.98
67458, 1.97
67463, 1.96
67468, 1.96
67473, 2.00
67478, 2.00
67483, 1.99
67488, 2.03
67493, 2.03
67498, 1.96
67503, 1.96
67508, 2.00
67513, 2.00
67518, 1.99
67523, 2.03
67528, 2.03
67533, 1.96
67538, 1.96
67543, 2.00
67548, 2.00
67553, 1.99
67558, 2.03
67563, 2.03
67568, 1.96
67573, 1.96
67578, 2.00
67583, 2.00
67588, 1.99
67593, 1.98
67598, 1.97
67603, 1.97
67608, 1.96
67613, 2.01
67618, 2.00
67623, 1.99
67628, 1.98
67633, 1.98
67638, 1.97
67643, 1.96
67648, 2.01
67653, 2.00
67658, 1.99
67663, 2.04
67668, 2.03
67673, 1.97
67678, 1.96
67683, 2.01
67688, 2.00
67693, 1.99
67698, 2.04
67703, 2.03
67708, 2.02
67713, 2.01
67718, 2.00
67723, 2.00
67728, 1.99
67733, 2.03
67738, 2.03
67743, 2.02
67748, 2.06
67753, 2.05
67758, 1.99
67763, 1.98
67768, 2.03
67773, 2.02
67778, 2.01
67783, 2.00
67788, 1.99
67793, 1.99
67798, 1.98
67803, 2.03
67808, 2.02
67813, 2.01
67818, 2.00
67823, 1.99
67828, 1.99
67833, 1.98
67838, 2.02
67843, 2.02
67848, 1.95
67853, 1.95
67858, 2.00
67863, 1.99
67868, 1.98
67873, 2.03
67878, 2.02
67883, 2.01
67888, 2.00
67893, 1.99
67898, 1.99
67903, 1.98
67908, 2.03
67913, 2.02
67918, 2.01
67923, 2.05
67928, 2.04
67933, 1.98
67938, 1.97
67943, 2.02
67948, 2.01
67953, 2.00
67958, 2.05
67963, 2.04
67968, 1.98
67973, 1.97
67978, 2.02
67983, 2.01
67988, 2.00
67993, 2.05
67998, 2.04
68003, 1.97
68008, 1.97
68013, 2.01
68018, 2.01
68023, 2.00
68028, 1.99
68033, 1.98
68038, 1.98
68043, 1.97
68048, 2.02
68053, 2.01
68058, 2.00
68063, 2.05
68068, 2.04
68073, 1.97
68078, 1.97
68083, 2.01
68088, 2.00
68093, 2.00
68098, 2.04
68103, 2.03
68108, 2.02
68113, 2.02
68118, 2.01
68123, 2.00
68128, 1.99
68133, 2.04
68138, 2.03
68143, 2.02
68148, 2.01
68153, 2.00
68158, 2.00
68163, 1.99
68168, 2.03
68173, 2.03
68178, 2.02
68183, 2.01
68188, 2.00
68193, 1.99
68198, 1.98
68203, 2.03
68208, 2.02
68213, 2.01
68218, 2.01
68223, 2.00
68228, 1.99
68233, 1.98
68238, 1.97
68243, 1.97
68248, 1.96
68253, 1.95
68258, 2.00
68263, 1.99
68268, 1.99
68273, 1.98
68278, 1.97
68283, 1.96
68288, 1.96
68293, 2.01
68298, 2.00
68303, 1.99
68308, 1.98
68313, 1.97
68318, 1.97
68323, 1.96
68328, 2.01
68333, 2.00
68338, 1.99
68343, 2.04
68348, 2.03
68353, 2.02
68358, 2.01
68363, 2.00
68368, 2.00
68373, 1.99
68378, 2.03
68383, 2.03
68388, 1.96
68393, 1.96
68398, 2.00
68403, 2.00
68408, 1.99
68413, 2.03
68418, 2.03
68423, 1.96
68428, 1.96
68433, 2.00
68438, 2.00
68443, 1.99
68448, 1.98
68453, 1.97
68458, 1.97
68463, 1.96
68468, 2.01
68473, 2.00
68478, 1.99
68483, 2.04
68488, 2.03
68493, 1.97
68498, 1.96
68503, 2.01
68508, 2.00
68513, 1.99
68518, 2.04
68523, 2.03
68528, 2.02
68533, 2.01
68538, 2.00
68543, 1.99
68548, 1.99
68553, 2.03
68558, 2.02
68563, 2.02
68568, 2.01
68573, 2.00
68578, 1.99
68583, 1.98
68588, 2.03
68593, 2.02
68598, 2.01
68603, 2.06
68608, 2.05
68613, 1.99
68618, 1.98
68623, 2.02
68628, 2.02
68633, 2.01
68638, 2.00
68643, 1.99
68648, 1.98
68653, 1.98
68658, 2.02
68663, 2.01
68668, 2.01
68673, 2.00
68678, 1.99
68683, 1.98
68688, 1.98
68693, 2.02
68698, 2.01
68703, 2.01
68708, 2.05
68713, 2.04
68718, 1.98
68723, 1.97
68728, 2.02
68733, 2.01
68738, 2.00
68743, 2.05
68748, 2.04
68753, 2.03
68758, 2.02
68763, 2.01
68768, 2.00
68773, 2.00
68778, 2.04
68783, 2.03
68788, 2.02
68793, 2.02
68798, 2.01
68803, 2.00
68808, 1.99
68813, 2.04
68818, 2.03
68823, 2.02
68828, 2.01
68833, 2.00
68838, 2.00
68843, 1.99
68848, 2.03
68853, 2.03
68858, 1.96
68863, 1.96
68868, 2.00
68873, 2.00
68878, 1.99
68883, 2.03
68888, 2.03
68893, 1.96
68898, 1.96
68903, 2.00
68908, 2.00
68913, 1.99
68918, 2.03
68923, 2.03
68928, 2.02
68933, 2.01
68938, 2.00
68943, 1.99
68948, 1.98
68953, 2.03
68958, 2.02
68963, 2.01
68968, 2.01
68973, 2.00
68978, 1.99
68983, 1.98
68988, 2.03
68993, 2.02
68998, 2.01
69003, 2.00
69008, 2.00
69013, 1.99
69018, 1.98
69023, 1.97
69028, 1.97
69033, 1.96
69038, 1.95
69043, 2.00
69048, 1.99
69053, 1.93
69058, 1.92
69063, 1.97
69068, 1.97
69073, 1.96
69078, 1.95
69083, 1.95
69088, 1.94
69093, 1.93
69098, 1.98
69103, 1.97
69108, 1.97
